1
2
3
4
5
6
7
8
9
10
11
12
13
14
15
16
17
18
19
20
21
22
23
24
25
26
27
28
29
30
31
32
33
34
35
36
37
38
39
40

1 26
1 24
1 39
1 30
30 6
30 10
19 30
30 1
39 1
26 1
24 1
18 21
18 24
18 28
18 32
18 38
21 36
21 13
13 29
29 13
13 21
36 21
21 14
14 21
21 32
14 9
14 33
14 16
9 11
11 31
11 23
11 20
31 12
12 7
2 5
7 2
23 11
12 31
20 11
31 11
2 8
2 27
8 2
27 2
2 3
3 37
37 3
3 17
3 35
3 22
22 3
35 3
17 4
35 40
4 25
25 4
25 39
12 34
12 15
15 12
34 12
5 6
9 14
32 18
24 18
23 19
32 31
31 32
34 15
15 34
11 33
8 27
37 5
6 24
36 33
2 20
35 19
17 12
9 40
28 26
27 9
37 19
34 28
