1
2
3
4
5
6
7
8
9
10
11
12
13
14
15
16
17
18
19
20
21
22
23
24
25
26
27
28
29
30
31
32
33
34
35
36
37
38
39
40
41
42
43
44
45

36 26
32 20
4 21
18 39
33 45
7 23
6 34
43 12
19 14
40 44
27 3
35 29
17 41
28 24
2 38
16 11
37 15
13 42
22 8
10 25
31 1
30 5
2 27
39 1
11 32
29 23
7 36
24 40
15 22
26 43
28 45
13 42
25 20
16 6
9 30
3 31
37 35
33 19
21 14
34 4
5 41
38 44
12 10
18 8
26 34
39 8
27 31
32 21
29 15
41 22
11 6
28 33
13 23
7 45
20 25
17 12
43 24
5 36
37 3
14 9
10 38
16 35
4 2
44 1
30 40
18 19
4 22
7 33
28 44
18 35
26 25
6 12
1 10
5 20
24 21
13 42
14 38
34 43
31 17
23 27
8 3
40 36
15 19
30 41
11 29
45 2
39 16
37 9
