1
2
3
4
5
6
7
8
9
10
11
12
13
14
15
16
17
18
19
20
21
22
23
24
25
26
27
28
29
30
31
32
33
34
35
36
37
38
39
40
41
42
43
44
45
46
47
48
49
50

20 15
9 40
17 24
11 39
4 23
37 1
44 34
32 16
38 27
14 35
3 8
42 7
45 6
33 10
26 2
18 28
5 31
47 25
36 12
49 13
46 50
43 29
19 48
41 30
21 22
23 29
14 20
50 8
6 31
46 43
27 42
9 26
44 25
47 33
32 18
15 17
45 39
3 30
7 5
10 21
49 13
36 35
48 24
16 40
22 4
11 38
12 41
2 1
19 34
37 28
27 10
50 29
6 16
36 30
22 3
8 20
41 35
17 15
40 9
5 7
44 33
39 24
43 28
47 31
34 46
38 19
49 14
25 12
45 26
13 4
21 11
1 2
18 37
42 48
23 32
41 2
1 50
48 37
14 29
34 10
8 17
28 4
5 30
36 6
21 31
33 15
44 22
3 27
7 42
25 35
38 11
19 39
32 12
24 40
13 47
18 23
43 9
49 46
16 45
20 26
45 34
8 6
1 3
22 41
13 16
26 5
49 31
35 46
33 15
47 14
2 25
44 23
32 36
38 17
19 42
37 9
20 10
24 18
4 30
50 43
39 29
12 48
40 27
7 28
11 21
