1
2
3
4
5
6
7
8
9
10
11
12
13
14
15
16
17
18
19
20
21
22
23
24
25
26
27
28
29
30
31
32
33
34
35
36
37
38
39
40
41
42
43
44
45
46
47
48
49
50
51
52
53
54
55

25 24
22 13
42 53
45 28
30 49
8 2
3 39
36 16
52 27
55 32
37 14
7 33
40 10
9 47
41 48
31 4
51 34
43 26
17 23
20 46
50 21
38 35
54 19
5 12
18 15
44 29
6 11
26 48
7 24
33 6
4 8
18 34
54 16
35 43
52 3
29 31
14 9
23 20
50 55
51 27
40 15
39 5
36 25
28 17
46 41
49 12
1 22
19 13
32 30
2 44
47 10
45 53
38 11
42 37
36 50
41 46
21 44
25 53
45 22
23 51
4 32
19 29
49 27
7 43
40 17
47 39
52 37
13 14
54 30
31 1
12 26
24 5
42 9
35 3
48 16
38 10
2 20
34 33
8 55
15 11
18 6
