1
2
3
4
5
6
7
8
9
10
11
12
13
14
15
16
17
18
19
20
21
22
23
24
25
26
27
28
29
30
31
32
33
34
35
36
37
38
39
40
41
42
43
44
45
46
47
48
49
50
51
52
53
54
55
56
57
58
59
60
61

31 58
6 15
44 28
50 17
59 33
47 27
29 30
10 32
42 1
24 26
3 52
55 5
11 36
19 57
2 56
48 7
12 22
18 39
46 51
25 60
53 20
35 43
49 9
38 14
13 34
23 21
37 45
40 4
54 8
41 16
35 60
39 22
46 16
45 17
38 21
11 51
6 33
8 10
25 31
7 41
53 3
5 37
43 29
55 28
44 19
57 1
56 58
15 32
13 14
30 12
9 27
50 18
49 47
54 42
2 34
36 40
23 52
4 48
26 59
24 20
49 19
10 4
56 14
48 9
53 8
28 21
27 12
3 42
58 23
7 33
45 13
20 31
15 29
52 40
38 30
2 36
1 54
50 6
16 44
25 35
37 57
46 55
22 32
18 39
51 59
34 24
11 17
47 5
41 26
43 60
54 45
30 55
24 56
50 47
4 59
26 6
48 40
28 9
32 11
34 49
25 21
58 3
10 57
17 44
35 31
42 37
20 36
2 12
27 19
46 8
39 53
5 7
14 38
1 13
15 33
23 29
43 22
41 60
52 16
18 51
37 7
53 49
11 55
15 14
57 60
25 10
59 32
30 1
21 52
23 5
4 26
27 42
44 35
46 40
51 56
22 38
41 2
13 50
28 58
20 16
48 34
17 19
24 12
36 43
8 39
47 54
33 29
18 9
3 45
6 31
57 61
