1
2
3
4
5
6
7
8
9
10
11
12
13
14
15
16
17
18
19
20
21
22
23
24
25
26
27
28
29
30
31
32
33
34
35
36
37
38
39
40
41
42
43
44
45
46
47
48
49
50
51
52
53
54
55
56
57
58
59
60
61
62
63
64
65
66

34 14
26 37
50 27
29 56
32 60
51 11
49 41
33 21
44 19
43 36
48 53
12 55
30 15
16 61
40 10
1 62
22 38
28 25
45 39
23 54
3 7
59 4
46 9
35 42
47 20
13 65
63 6
58 18
57 64
5 17
24 8
31 2
44 51
20 11
21 7
9 19
55 13
22 27
62 17
5 53
35 18
56 58
30 8
49 2
57 59
1 37
45 36
32 61
52 64
6 33
46 65
14 25
15 50
10 54
63 41
3 39
48 43
60 29
28 42
12 16
40 47
26 4
38 24
34 23
41 62
16 5
17 7
14 26
37 13
25 20
8 3
19 46
40 38
61 29
32 6
34 28
18 42
51 39
50 24
49 58
30 64
44 55
2 15
48 59
54 63
47 12
56 43
52 9
35 33
11 10
53 65
1 4
45 23
31 57
27 36
22 60
8 21
14 34
3 33
1 19
24 50
36 17
58 61
7 11
40 59
18 20
2 35
26 39
63 9
46 64
48 13
49 43
23 22
55 10
57 16
28 12
29 31
52 44
32 54
41 42
15 47
6 53
62 56
65 5
30 60
38 4
45 27
25 37
9 31
36 29
65 28
62 11
5 34
33 30
64 49
56 24
42 32
21 26
59 4
22 20
55 6
15 46
16 7
43 19
25 3
48 63
18 54
23 17
60 45
27 53
47 52
1 12
2 37
13 8
51 58
40 50
61 38
44 57
35 39
14 10
28 27
48 51
23 11
5 18
35 37
44 30
4 10
20 7
16 50
8 38
14 2
42 56
45 61
47 32
49 19
64 33
63 43
29 24
26 9
57 1
15 13
62 41
3 39
25 52
21 59
65 12
34 31
17 55
40 46
58 6
60 54
53 22
66 18
