1
2
3
4
5
6
7
8
9
10
11
12
13
14
15
16
17
18
19
20
21
22
23
24
25
26
27
28
29
30
31
32
33
34
35
36
37
38
39
40
41
42
43
44
45
46
47
48
49
50
51
52
53
54
55
56
57
58
59
60
61
62
63
64
65
66
67
68
69
70
41 62
15 68
11 4
12 6
38 26
40 51
5 22
2 20
60 34
52 32
58 8
19 56
70 66
67 30
57 63
59 35
18 28
55 44
46 23
36 69
39 43
49 65
1 14
33 47
31 48
29 21
45 3
10 53
64 27
25 42
37 9
54 16
13 24
50 17
58 7
65 22
16 40
37 59
61 25
20 60
18 38
28 44
23 49
56 46
67 43
26 27
50 6
51 69
8 52
57 1
34 9
17 13
42 55
68 10
62 5
48 39
31 30
24 12
63 21
33 14
36 32
3 4
54 35
19 11
15 47
53 70
45 2
64 66
29 41
6 11
35 37
48 68
33 9
58 55
24 3
57 59
23 41
12 38
63 20
2 50
60 31
25 65
46 44
61 28
22 21
4 67
36 56
34 64
27 69
52 1
8 54
45 40
26 70
14 30
5 53
51 62
16 29
39 13
10 17
43 47
42 49
66 19
7 32
21 65
35 4
31 47
64 59
7 28
27 69
5 48
2 61
20 32
26 37
40 49
46 70
41 36
30 1
33 51
42 57
39 11
16 22
53 17
24 29
56 43
15 52
12 9
6 60
45 13
10 14
38 19
50 44
55 68
23 63
18 58
54 66
3 62
34 8
25 67
63 34
48 64
22 1
70 23
61 38
33 13
67 68
14 62
32 60
10 21
19 66
53 44
56 69
2 55
26 42
9 43
17 8
37 54
45 5
12 49
15 18
30 24
4 51
27 35
50 57
31 39
6 3
59 40
36 41
7 16
58 65
52 11
47 25
29 20
28 46
10 60
43 58
32 27
69 30
37 3
2 35
7 70
46 67
57 24
20 64
44 39
13 55
25 61
6 53
29 14
59 4
1 18
22 41
56 54
34 15
50 66
62 28
45 40
33 23
42 31
47 49
65 26
48 21
68 16
52 17
12 8
36 19
5 11
63 38
9 51
