1
2
3
4
5
6
7
8
9
10
11
12
13
14
15
16
17
18
19
20
21
22
23
24
25
26
27
28
29
30
31
32

9 4
3 18
16 10
30 14
29 22
25 17
28 11
12 13
24 21
2 6
26 1
20 7
15 8
19 23
27 5
26 16
4 1
29 12
20 21
23 25
11 15
27 28
22 7
8 18
17 30
13 9
14 10
24 2
5 3
19 6
8 3
18 29
25 17
1 22
5 7
6 9
20 11
4 2
28 12
13 30
10 19
24 15
27 26
21 14
23 16
21 19
6 2
4 16
9 29
22 27
28 20
10 5
26 1
25 3
23 14
11 13
7 18
24 8
17 15
12 30
14 4
16 9
24 17
18 27
23 12
8 7
2 1
5 26
13 11
19 28
6 15
30 20
21 3
22 10
29 25
5 8
24 11
20 28
14 25
17 15
23 21
12 19
18 10
9 16
2 26
13 30
3 7
1 6
27 29
22 4
31 32
32 31
31 15
15 32
