1
2
3
4
5
6
7
8
9
10
11
12
13
14
15
16
17
18
19
20
21
22
23
24
25
26
27
28
29
30
31
32
33
34
35
36
37
38
39
40
41
42
43
44
45
46
47
48
49
50
51
52
53
54
55
56
57
58
59
60
61
62
63
64
65
66
67
68
69
70
71
72
73
74
75
30 52
66 45
27 38
41 61
42 73
14 37
1 39
72 57
53 16
13 74
60 59
28 8
64 31
36 44
6 5
26 19
3 29
62 20
70 22
2 50
46 7
23 24
10 69
68 48
4 32
9 17
33 40
34 21
25 15
11 56
65 55
47 75
54 43
35 51
58 49
63 71
12 67
4 56
22 2
19 68
25 67
59 57
69 53
16 34
52 49
54 50
33 17
8 5
41 71
29 51
38 64
9 66
27 65
73 30
42 44
14 11
37 45
10 32
6 35
72 18
1 40
60 13
31 20
61 58
55 15
48 46
75 23
47 24
63 70
3 39
74 26
7 62
28 21
12 36
38 14
4 71
46 41
11 31
44 74
35 53
43 2
56 5
19 22
54 75
66 47
70 10
67 60
63 9
29 17
1 64
69 45
48 62
32 6
55 15
13 26
58 57
61 12
8 52
27 23
7 20
65 37
73 30
21 18
51 33
49 24
40 36
28 16
59 3
42 34
72 25
68 50
46 45
29 39
37 56
9 47
18 73
11 54
72 24
53 68
59 5
3 12
48 44
63 14
74 28
15 1
65 55
27 33
4 25
70 36
57 13
26 23
62 32
21 71
75 43
50 38
41 8
19 17
2 35
30 6
67 51
58 16
66 69
20 31
42 61
34 64
52 22
7 10
49 40
25 72
16 43
14 44
51 11
27 10
20 71
62 57
23 1
35 6
3 21
13 50
74 30
56 59
22 73
69 26
38 29
61 41
55 54
32 19
7 46
24 49
39 66
9 4
70 28
33 64
45 36
40 47
17 37
63 34
31 58
42 12
60 18
75 53
65 68
67 15
2 52
5 48
60 44
71 64
7 35
6 58
54 33
9 13
56 30
5 68
27 66
39 11
17 55
67 32
14 75
62 74
73 50
41 16
52 38
25 65
29 15
57 46
2 61
20 31
12 53
22 40
69 42
8 24
1 70
21 28
48 43
19 37
26 4
47 23
34 63
72 3
10 36
51 59
18 49
46 68
52 18
35 4
49 22
73 40
19 62
53 3
16 5
28 57
31 23
43 65
25 39
10 51
56 30
2 38
69 21
66 44
1 20
61 75
15 42
37 41
59 50
36 47
67 11
9 6
54 17
29 48
12 26
64 7
72 74
27 70
8 60
14 34
33 45
55 13
63 24
71 58
