1
2
3
4
5
6
7
8
9
10
11
12
13
14
15
16
17
18
19
20
21
22
23
24
25
26
27
28
29
30
31
32
33
34
35
36
37
38
39
40
41
42
43
44
45
46
47
48
49
50
51
52
53
54
55
56
57
58
59
60
61
62
63
64
65
66
67
68
69
70
71
72
73
74
75
76
77
78
79
80
81
82
83
84
85
37 78
17 67
27 58
30 49
8 1
14 85
73 45
84 68
74 22
25 38
31 61
20 44
80 2
39 50
81 40
12 47
51 21
52 41
77 72
10 5
24 3
69 65
26 48
32 34
76 46
13 82
33 59
66 60
70 16
55 19
15 4
63 42
6 64
56 53
18 29
75 62
23 83
9 57
11 35
36 54
7 43
71 28
58 5
10 49
76 21
15 42
60 48
17 14
73 64
66 19
56 28
37 70
25 59
85 72
32 77
23 78
30 74
39 82
6 65
1 26
11 53
7 67
68 61
36 79
18 69
75 71
3 84
81 52
51 35
27 24
43 57
4 12
33 46
40 55
29 62
41 80
63 38
45 31
13 8
47 9
54 44
50 16
20 83
22 34
42 69
34 20
70 44
50 8
40 62
58 55
51 31
27 59
63 71
43 48
33 14
39 54
61 53
78 36
84 68
65 38
29 45
19 22
4 47
5 9
41 23
30 83
80 81
52 1
7 35
79 76
66 46
24 82
13 72
60 15
56 28
17 25
12 10
67 77
21 64
37 57
26 6
16 74
73 49
3 75
32 85
18 2
2 37
17 24
35 68
5 53
71 10
21 40
67 1
69 55
59 60
33 26
50 16
51 34
79 15
28 74
31 66
38 70
39 54
46 42
82 48
19 32
36 78
85 27
29 72
43 8
62 18
64 11
65 20
14 25
81 58
44 47
6 73
41 7
77 83
45 3
61 13
30 76
63 57
9 75
52 23
12 4
84 80
22 56
27 59
69 52
62 53
10 4
11 68
34 20
30 1
70 12
5 84
23 19
54 64
37 79
8 15
50 74
81 83
25 56
14 85
75 36
60 61
17 63
77 29
82 31
24 72
6 73
71 44
67 35
58 51
41 47
65 28
49 42
76 48
26 16
46 43
57 2
22 66
7 13
80 40
9 18
78 3
21 32
38 39
45 33
2 27
24 45
69 38
58 48
22 34
77 62
70 1
53 42
39 81
43 83
7 47
52 65
5 57
64 78
59 26
41 32
84 50
75 14
46 29
15 21
66 44
85 35
18 17
72 8
74 19
33 6
4 28
12 13
76 71
54 37
30 56
11 25
40 63
3 68
51 49
55 16
73 23
10 36
79 82
31 61
20 80
67 9
15 46
42 66
23 49
34 41
68 25
50 47
8 52
14 3
63 17
45 18
80 4
56 64
82 29
30 33
7 35
59 22
32 16
78 39
76 12
27 38
44 75
65 26
83 48
6 53
13 84
9 43
1 21
19 58
73 37
57 36
2 69
40 28
62 79
5 74
67 24
71 72
54 85
60 61
10 77
51 81
11 70
55 31
61 16
41 4
70 22
38 73
82 32
26 84
62 59
30 1
33 72
35 14
55 74
46 27
80 6
75 9
78 48
68 76
39 56
66 60
2 85
25 10
63 69
81 45
67 83
58 54
71 19
15 77
18 13
3 64
11 21
5 29
79 47
17 42
20 49
57 51
43 34
36 40
44 31
23 12
52 8
65 53
24 50
7 37
