1
2
3
4
5
6
7
8
9
10
11
12
13
14
15
16
17
18
19
20
21
22
23
24
25
26
27
28
29
30
31
32
33
34
35
36
37
38
39
40
41
42
43
44
45
46
47
48
49
50
51
52
53
54
55
56
57
58
59
60
61
62
63
64
65
66
67
68
69
70
71
72
73
74
75
76
77
78
79
80
81
82
83
84
85
86
87
88
89
90
91
92
93
94
95
96
97
98
99
100
47 95
2 91
58 38
55 44
53 9
97 63
67 31
25 70
27 48
17 21
72 15
57 18
14 65
92 3
54 59
50 13
22 82
76 74
16 62
37 85
52 96
5 71
79 86
32 43
8 46
75 99
88 49
64 94
45 33
35 36
93 80
39 87
81 30
60 28
19 41
73 66
98 84
100 11
12 20
83 90
29 51
40 1
24 7
4 26
10 78
68 42
34 69
61 23
56 6
77 89
65 75
37 14
76 73
49 9
40 4
6 38
53 44
13 28
21 51
48 12
47 78
52 22
23 54
41 62
20 8
98 99
26 55
88 45
94 69
7 32
56 19
36 85
59 30
63 57
34 42
61 46
24 58
96 27
80 35
92 74
82 50
89 87
33 16
25 90
100 79
64 72
66 68
17 93
1 11
70 91
86 83
29 81
39 5
18 97
10 15
60 95
31 84
67 43
3 2
71 77
9 51
84 92
80 18
87 29
38 61
25 22
39 41
47 89
45 82
30 67
55 2
76 63
24 31
36 7
83 74
86 58
5 23
13 11
27 48
40 78
35 100
98 53
21 37
16 44
99 3
15 81
93 56
62 68
49 19
85 65
1 43
70 8
28 46
96 75
57 4
77 88
97 33
79 90
60 32
54 66
72 50
42 64
10 69
94 91
17 52
73 59
34 6
95 14
12 20
71 26
56 48
72 13
25 64
47 9
43 38
68 22
87 24
61 15
84 35
17 36
80 57
32 66
78 94
26 10
42 29
51 19
44 65
30 99
67 82
75 39
50 91
12 49
21 98
85 97
7 86
100 2
31 8
88 62
16 89
70 41
95 34
6 93
69 23
18 52
73 5
14 28
59 60
45 79
96 71
76 55
58 37
63 53
4 33
27 74
83 77
92 90
20 40
1 81
3 46
11 54
87 88
68 79
74 90
70 28
17 10
26 93
46 95
57 12
76 64
19 61
14 29
9 58
82 43
59 75
71 94
50 6
20 4
81 1
18 72
48 99
92 54
13 22
24 25
42 44
85 55
65 63
56 84
34 45
23 3
11 33
66 80
37 40
27 7
49 98
30 38
41 16
91 77
39 15
67 53
8 47
2 97
96 86
69 5
31 36
62 78
21 32
89 51
35 100
52 73
83 60
45 42
15 11
30 71
43 27
63 32
75 96
9 4
14 13
73 82
8 44
55 2
39 77
74 49
16 47
79 86
1 41
84 19
72 53
67 21
68 87
40 94
93 31
80 50
90 60
52 64
76 97
99 57
10 38
25 18
22 51
36 34
95 20
98 12
56 85
65 26
59 70
91 28
3 29
6 100
66 88
17 24
33 54
92 83
61 81
35 69
23 7
58 62
46 89
37 78
48 5
100 53
58 28
30 90
91 64
50 80
52 95
75 96
46 89
6 71
26 72
76 87
25 10
45 41
78 7
88 35
43 33
68 93
65 2
97 27
74 79
55 47
99 32
98 21
29 44
69 40
14 51
81 62
3 66
13 11
20 42
1 31
86 54
39 23
57 36
92 15
70 73
8 84
18 85
34 60
4 77
61 24
9 16
67 56
5 49
17 22
12 48
63 83
38 82
94 19
59 37
16 79
70 47
12 6
46 23
26 69
9 59
95 41
54 30
56 22
27 93
72 60
92 13
44 67
98 83
37 14
100 87
25 38
71 78
49 66
8 24
62 43
33 29
39 57
51 11
20 45
53 34
32 40
58 89
82 3
42 48
64 28
21 73
36 5
18 81
88 52
68 97
17 35
74 1
94 31
75 80
55 76
15 7
99 2
86 84
65 85
63 90
96 91
4 19
50 77
10 61
