1
2
3
4
5
6
7
8
9
10
11
12
13
14
15
16
17
18
19
20
21
22
23
24
25
26
27
28
29
30
31
32
33
34
35
36
37
38
39
40
41
42
43
44
45
46
47
48
49
50
51
52
53
54
55
56
57
58
59
60
61
62
63
64
65
66
67
68
69
70
71
72
73
74
75
76
77
78
79
80
81
82
83
84
85
86
87
88
89
90
91
92
93
94
95
96
97
98
99
100
101
102
103
104
105
106
107
108
109
110
111
112
113
114
115
116
117
118
119
120
121
122
123
124
125
126
127
128
129
130
42 18
60 46
56 63
106 62
84 6
66 8
112 30
23 54
124 40
101 126
49 92
76 102
114 24
111 52
130 115
71 100
98 95
83 123
13 120
1 72
87 80
103 15
2 73
45 128
53 75
125 10
16 68
39 37
91 4
121 99
90 27
69 86
33 88
59 129
50 61
79 44
20 119
117 34
85 43
57 14
48 19
93 17
122 105
127 9
74 89
5 108
65 118
47 77
31 51
78 36
25 110
94 21
7 67
11 26
81 107
58 3
116 12
70 104
28 82
109 64
96 22
29 38
113 55
35 41
97 32
13 23
127 69
29 71
85 68
45 36
35 128
79 6
26 129
94 91
72 107
19 44
49 97
61 120
14 88
8 81
53 21
4 99
78 122
1 50
64 110
115 17
2 33
7 114
63 92
41 109
56 111
102 43
100 76
62 116
123 37
95 28
10 3
52 89
77 104
24 60
70 57
66 39
90 82
83 117
86 32
106 84
80 46
22 47
87 73
51 101
108 126
55 67
38 125
15 113
105 42
20 27
18 75
58 130
93 54
119 5
40 31
9 103
30 74
12 124
118 121
112 11
34 59
25 16
48 65
98 96
59 118
51 102
18 29
113 108
34 38
62 1
128 105
111 48
129 28
45 70
88 125
6 32
86 15
83 7
80 27
112 21
84 95
25 90
9 12
5 106
91 100
85 126
122 119
75 104
61 24
13 97
52 117
103 101
73 114
120 16
10 123
66 8
41 57
69 36
82 54
63 33
74 127
40 87
31 47
71 49
115 99
37 20
72 17
42 78
130 53
92 110
79 3
98 46
23 4
68 14
121 93
67 22
11 56
76 50
26 60
77 43
64 58
94 107
81 55
30 2
19 44
124 96
65 116
109 35
39 89
69 130
87 82
1 6
98 79
118 84
41 67
36 39
27 71
94 2
8 117
75 126
29 42
110 70
62 59
19 43
54 28
72 7
103 31
56 44
74 115
5 76
40 65
4 49
96 38
124 85
111 89
22 9
64 123
109 60
112 55
17 57
48 33
34 21
129 83
52 46
77 68
15 101
95 119
58 120
35 92
108 93
91 106
45 127
14 90
121 50
104 107
102 80
51 61
20 128
105 10
32 81
114 78
113 25
116 122
88 24
16 66
86 26
125 99
3 73
63 37
100 53
13 47
30 23
97 11
18 12
8 105
82 6
100 59
95 126
113 117
123 92
70 69
38 81
60 14
30 44
5 122
97 43
77 62
115 4
83 94
125 79
93 88
84 15
63 106
78 98
54 96
127 47
112 48
87 80
31 109
74 27
34 19
28 111
32 108
86 130
107 23
25 61
16 128
89 24
12 20
42 17
9 67
71 90
10 40
21 119
118 26
37 72
58 124
36 103
11 2
51 52
66 75
101 7
1 41
129 22
85 73
18 110
13 49
102 68
39 46
65 33
3 57
56 121
91 29
45 50
35 53
114 64
104 55
116 76
120 99
2 96
65 72
67 17
42 56
70 53
122 57
130 86
45 85
13 23
88 111
90 20
79 11
69 37
14 103
38 117
30 61
40 109
59 54
43 24
32 60
1 84
71 75
58 25
52 119
51 6
106 74
9 28
93 112
76 104
80 62
113 94
44 4
128 110
55 105
27 35
50 7
12 68
73 97
49 66
39 77
101 124
46 98
126 95
18 91
8 78
89 48
81 31
41 115
3 82
26 116
100 87
99 29
120 118
34 36
64 19
15 33
83 129
22 114
16 102
123 107
21 108
121 125
92 47
63 127
5 10
88 42
125 74
56 68
87 47
51 60
32 122
102 105
25 5
9 116
130 43
75 41
59 86
90 108
71 94
119 73
48 127
33 83
37 64
13 118
57 103
22 81
62 129
63 96
110 23
99 97
114 65
40 36
15 16
28 100
49 27
101 72
7 1
11 2
84 66
29 24
111 91
14 20
3 44
93 55
77 115
85 117
69 78
35 58
30 4
106 92
6 67
128 61
123 95
120 104
82 112
39 70
45 38
26 17
46 10
79 8
121 53
80 54
109 76
21 52
113 124
50 31
89 107
12 19
126 34
98 18
96 7
1 86
37 128
54 61
76 129
97 93
62 83
25 124
44 118
14 53
104 109
91 100
34 71
73 47
115 43
105 81
55 16
23 99
56 10
22 84
68 36
27 58
113 90
17 3
26 6
125 65
33 85
2 111
122 32
106 67
112 60
45 29
64 42
74 89
31 8
101 80
52 82
77 130
121 38
123 117
126 21
20 72
59 39
92 41
75 50
116 4
57 11
66 107
63 70
69 24
110 95
15 51
114 49
119 79
102 120
46 28
18 13
9 19
88 35
12 48
127 98
103 5
78 40
94 87
108 30
78 28
113 43
89 31
98 92
75 104
52 86
99 14
118 41
37 71
32 108
57 63
91 85
54 96
109 27
7 126
15 81
119 2
34 22
110 97
18 42
123 65
55 77
23 62
76 13
79 53
5 64
47 58
35 19
39 73
9 125
49 61
48 59
129 128
4 95
12 88
44 103
38 124
11 45
68 51
93 8
94 6
102 115
56 107
40 21
67 69
20 101
60 29
122 74
70 130
72 25
120 16
106 90
105 82
112 114
24 33
26 10
46 111
1 87
116 36
100 127
117 17
84 50
80 3
83 121
30 66
40 20
82 86
36 24
87 90
98 122
47 63
32 84
68 77
18 69
115 116
2 119
50 15
41 91
33 104
12 45
8 105
55 27
29 31
111 57
14 6
102 3
34 65
64 54
79 130
70 37
95 120
121 114
71 74
7 100
9 67
42 35
89 56
113 23
4 48
93 11
85 117
78 1
16 80
53 109
127 92
94 60
38 81
44 26
129 97
76 58
106 10
13 59
124 51
17 107
112 72
21 126
128 99
96 118
110 108
39 22
61 30
43 46
88 49
5 103
73 83
25 62
52 66
125 101
19 28
123 75
