1
2
3
4
5
6
7
8
9
10
11
12
13
14
15
16
17
18
19
20
21
22
23
24
25
26
27
28
29
30
31
32
33
34
35
36
37
38
39
40
41
42
43
44
45
46
47
48
49
50
51
52
53
54
55
56
57
58
59
60
61
62
63
64
65
66
67
68
69
70
71
72
73
74
75
76
77
78
79
80
81
82
83
84
85
86
87
88
89
90
91
92
93
94
95
96
97
98
99
100
101
102
103
104
105
106
107
108
109
110
111
112
113
114
115
116
117
118
119
120
121
122
123
124
125
126
127
101 123
5 85
120 25
63 90
64 42
60 57
37 78
26 41
36 38
113 107
118 82
127 84
39 10
29 28
70 87
99 46
8 12
3 121
76 27
54 47
56 51
53 14
49 17
32 62
20 122
1 119
88 71
33 24
73 18
65 6
103 67
92 9
114 102
80 115
55 86
112 95
74 83
93 104
111 94
21 108
52 109
106 126
23 2
100 22
96 16
75 44
4 105
66 116
77 34
43 72
40 48
45 81
30 50
91 11
31 13
125 97
98 69
7 19
35 68
59 58
61 79
110 89
124 15
55 92
122 49
70 27
25 65
44 126
4 36
86 5
82 93
68 64
116 71
89 123
29 97
39 42
108 99
22 1
28 23
98 9
37 83
12 95
112 52
67 18
75 87
6 3
45 104
24 47
107 58
109 101
94 119
43 103
90 57
41 31
17 35
26 117
48 60
40 105
30 115
110 72
2 118
7 61
74 62
13 125
59 91
33 50
20 114
121 69
84 8
80 127
73 11
15 56
102 88
124 76
77 38
111 10
54 21
63 96
32 53
16 100
113 46
106 19
120 81
85 51
66 14
78 34
22 61
3 9
55 40
59 46
10 72
104 29
105 49
66 125
122 65
118 73
8 78
7 68
11 17
111 54
53 75
91 56
106 58
87 44
51 32
30 21
79 60
92 18
28 52
14 117
115 24
94 77
109 41
20 50
103 43
124 15
47 64
33 13
70 25
62 82
89 74
31 95
12 35
107 97
120 38
127 101
85 99
36 100
116 126
6 37
80 84
42 123
2 108
121 83
102 71
90 67
98 96
26 76
1 34
114 81
110 63
113 19
93 27
69 23
45 5
16 88
112 39
57 86
4 48
123 114
78 19
106 126
97 62
101 63
115 57
56 125
65 109
13 111
68 54
60 10
15 120
72 67
89 121
20 5
103 86
83 59
45 107
26 2
38 47
36 6
124 34
40 91
93 119
58 122
74 17
117 37
48 28
82 81
7 77
43 29
102 88
46 84
104 112
71 23
3 96
1 32
44 50
8 42
110 49
108 21
22 116
52 41
99 64
85 11
100 76
12 94
24 53
73 39
90 113
127 66
51 70
55 30
80 35
118 16
105 98
4 79
33 14
69 87
92 75
9 18
25 61
95 31
11 38
17 30
47 64
112 57
118 61
13 76
102 88
48 41
77 9
110 115
106 120
121 55
59 99
72 8
32 58
27 117
83 18
37 29
33 2
20 39
94 1
122 63
79 127
82 19
74 89
92 26
104 109
10 70
71 51
25 87
40 65
4 15
34 62
31 91
111 45
78 108
123 107
50 85
16 7
116 56
46 53
98 12
73 80
23 101
90 124
119 113
14 75
105 84
97 43
54 103
69 49
93 22
95 68
6 86
24 96
3 125
114 52
67 28
44 5
35 100
60 42
36 81
21 126
59 70
73 40
58 106
11 109
66 84
107 44
105 37
61 112
87 71
97 103
53 117
75 63
116 72
48 1
32 80
5 42
99 98
91 18
69 15
31 45
120 28
108 22
119 19
78 14
52 8
94 82
104 67
36 74
121 92
51 125
7 17
89 86
90 122
6 21
23 39
77 3
50 34
93 118
41 62
55 110
9 65
2 111
88 113
64 43
96 123
30 124
54 56
29 49
12 95
46 85
38 81
13 25
4 20
27 26
101 16
33 47
102 115
127 10
57 60
35 79
76 114
68 126
83 100
105 102
108 16
71 97
76 14
11 120
45 74
85 116
118 73
50 125
100 52
95 3
10 24
109 82
78 67
46 70
119 23
121 2
123 15
1 34
5 56
75 101
18 113
80 69
7 31
49 104
77 54
126 62
61 98
55 36
27 26
86 30
93 9
88 25
63 112
115 92
66 96
107 83
43 21
42 110
28 38
6 87
19 44
39 94
53 51
68 22
59 40
127 4
111 8
58 106
114 103
47 72
33 124
84 122
17 60
12 13
81 20
65 29
90 99
57 89
79 48
91 35
41 37
117 64
100 99
40 57
54 69
119 126
45 116
96 118
42 29
49 9
36 27
32 121
110 112
28 6
58 97
30 20
72 102
113 35
78 107
21 18
24 11
61 106
48 55
33 50
73 94
60 15
43 122
82 46
67 105
10 125
70 90
123 59
41 76
47 44
77 1
62 14
34 84
5 108
80 26
7 81
19 17
83 65
98 104
23 114
95 79
4 115
12 109
74 75
16 38
3 86
117 64
51 56
92 31
87 124
93 103
127 25
68 111
13 39
2 37
53 85
8 101
89 63
120 52
91 66
71 88
