1
2
3
4
5
6
7
8
9
10
11
12
13
14
15
16
17
18
19
20
21
22
23
24
25
26
27
28
29
30
31
32
33
34
35
36
37
38
39
40
41
42
43
44
45
46
47
48
49
50
51
52
53
54
55
56
57
58
59
60
61
62
63
64
65
66
67
68
69
70
71
72
73
74
75
76
77
78
79
80
81
82
83
84
85
86
87
88
89
90
91
92
93
94
95
96
97
98
99
100
101
102
103
104
105
106
107
108
109
110
111
112
113
114
115
116
117
118
119
120
121
122
123
124
125
33 94
49 25
71 12
59 84
115 48
14 5
95 30
62 89
22 103
108 110
58 63
105 27
3 125
16 123
72 74
13 90
92 42
88 68
32 6
124 54
107 102
80 117
70 97
106 118
39 52
21 96
73 19
93 114
44 120
31 4
24 76
37 60
43 9
109 7
121 57
55 104
99 75
86 77
61 87
11 23
26 34
36 29
100 15
38 41
111 113
18 79
51 53
91 78
82 46
81 85
40 35
45 8
69 83
50 65
20 112
116 101
122 2
56 119
66 98
17 28
67 47
1 64
76 40
29 34
27 63
13 67
113 47
37 116
81 16
61 62
107 92
64 74
106 115
71 22
99 43
75 32
58 123
19 25
26 84
122 86
45 97
59 17
44 5
83 96
87 121
117 24
65 4
110 85
114 41
105 49
53 101
82 69
3 42
112 10
68 79
12 124
50 77
20 104
57 54
9 14
78 100
70 88
38 73
39 109
55 8
80 1
119 52
89 31
103 30
125 60
90 28
72 95
66 21
33 48
46 108
23 51
111 11
15 6
18 2
91 7
98 94
36 35
93 102
118 56
90 113
114 35
7 49
111 41
97 77
85 84
36 82
59 39
69 1
107 16
71 32
115 123
75 87
72 31
26 28
63 80
55 40
122 124
104 3
38 44
96 2
91 116
93 101
23 57
68 20
45 33
117 94
66 27
70 9
34 83
76 112
37 89
56 29
24 53
60 98
67 100
121 22
62 99
118 61
47 13
103 92
4 5
6 11
25 46
105 86
74 65
50 12
81 88
15 120
17 54
106 48
42 10
108 18
78 51
58 30
119 14
95 102
43 19
109 125
64 52
21 8
73 79
50 53
36 9
93 105
90 99
102 122
62 30
10 6
120 33
82 27
55 117
101 65
37 80
108 20
7 68
74 121
60 86
18 49
72 64
67 113
89 39
45 70
109 22
73 71
110 84
16 123
85 75
59 12
25 21
107 32
95 103
88 92
4 91
114 111
23 54
15 56
34 40
11 58
63 100
78 5
87 2
57 77
83 13
81 112
124 1
125 42
52 14
8 66
31 29
96 98
26 46
38 61
17 24
41 51
97 48
104 3
28 19
116 76
43 47
35 119
79 94
115 69
106 44
63 65
36 37
16 33
89 10
115 17
110 106
74 84
77 38
78 66
69 61
39 12
111 6
4 93
104 87
35 116
96 83
121 19
119 28
113 7
64 81
103 44
55 91
43 97
114 9
54 67
45 88
52 23
22 95
108 75
99 58
76 94
90 27
122 118
2 107
30 46
26 101
86 68
42 80
5 8
72 48
47 79
85 29
21 60
25 14
51 11
120 24
102 20
15 53
71 117
73 98
56 82
123 100
124 70
62 13
59 34
18 57
105 41
32 49
3 40
92 109
31 125
112 1
15 97
43 28
46 29
58 59
48 94
80 90
75 1
100 77
8 113
57 32
20 82
120 53
9 88
54 69
12 2
98 76
7 121
103 81
33 108
89 18
63 25
124 60
35 52
23 112
96 92
21 117
115 40
64 34
14 107
105 104
70 78
95 10
62 73
74 49
56 47
41 37
72 36
99 125
67 4
5 45
19 30
3 118
38 61
13 17
68 55
110 31
102 24
119 101
93 66
114 86
87 79
6 26
91 51
109 122
44 27
83 84
106 11
65 71
42 123
16 111
116 39
22 50
93 117
79 75
30 71
38 65
96 4
106 112
74 77
46 10
99 3
42 48
86 90
27 54
94 32
14 124
29 110
116 107
89 40
31 12
85 21
52 41
26 55
114 84
83 118
59 35
19 51
18 104
70 102
103 119
6 39
111 36
73 17
101 24
76 78
69 63
62 22
57 11
34 105
115 15
109 108
125 68
91 23
49 88
13 50
45 87
72 37
122 9
82 67
33 1
61 25
120 100
2 8
7 58
20 56
60 80
16 5
98 113
44 81
43 47
53 92
28 97
95 64
123 121
51 12
76 47
87 66
36 38
7 37
95 120
9 82
114 48
104 84
4 33
21 64
15 28
98 81
35 13
53 30
1 61
32 117
90 29
100 41
101 99
102 46
60 125
52 26
124 14
92 70
103 105
116 8
122 59
93 108
22 112
18 17
31 71
5 67
107 65
16 94
25 69
24 56
97 110
121 106
111 57
80 123
45 54
2 58
113 115
11 83
119 50
40 27
78 39
44 72
6 91
23 20
85 73
10 89
79 77
63 88
118 49
109 55
43 75
96 62
42 19
68 3
34 86
