1
2
3
4
5
6
7
8
9
10
11
12
13
14
15
16
17
18
19
20
21
22
23
24
25
26
27
28
29
30
31
32
33
34
35
36
37
38
39
40
41
42
43
44
45
46
47
48
49
50
51
52
53
54
55
56
57
58
59
60
61
62
63
64
65
66
67
68
69
70
71
72
73
74
75
76
77
78
79
80
81
82
83
84
85
86
87
88
89
90
91
92
93
94
95
96
97
98
99
100
101
102
103
104
105
106
107
108
109
110
111
112
113
114
115
116
117
118
119
120
121
122
20 94
105 30
52 93
53 21
121 42
101 46
79 63
56 5
1 48
104 113
22 34
28 86
82 98
60 77
39 31
112 59
9 3
23 15
87 26
67 58
110 122
118 27
72 111
32 29
115 97
65 70
18 51
90 83
91 96
2 116
114 81
119 69
55 103
11 89
43 44
66 108
10 84
24 74
17 75
16 78
76 100
54 85
41 68
36 106
38 25
47 45
35 117
109 4
13 61
62 8
14 49
6 102
120 40
50 95
19 57
88 33
37 64
99 73
7 71
80 107
12 92
93 91
79 98
50 97
73 60
82 114
62 95
26 43
41 22
100 13
4 30
94 101
53 46
9 112
31 107
67 39
55 117
113 49
111 36
88 120
54 68
35 11
21 7
75 57
52 15
14 115
25 102
92 66
58 51
2 105
1 103
44 32
23 42
56 69
16 77
76 34
29 119
37 104
118 71
6 96
27 90
3 116
61 108
83 110
80 18
78 121
8 89
72 85
64 12
5 81
74 84
28 40
38 17
47 86
109 59
24 10
63 33
65 106
70 87
48 45
20 19
122 99
55 120
68 103
119 63
23 79
37 111
47 18
65 56
7 71
93 100
74 106
6 108
38 62
39 60
117 25
89 15
22 57
16 28
3 116
59 107
118 42
53 66
114 102
40 80
109 11
91 76
82 69
70 78
77 29
13 5
46 113
33 58
43 92
86 21
4 31
24 97
84 27
122 88
36 35
51 44
2 9
101 19
94 99
121 95
52 61
49 45
110 14
73 105
1 34
83 30
20 17
8 87
81 115
90 54
48 50
96 72
32 75
26 85
67 112
10 98
12 41
104 64
119 63
32 61
38 20
81 118
8 43
25 85
11 29
94 100
31 80
75 89
33 41
116 117
114 112
60 55
44 120
1 4
67 93
10 99
16 52
62 108
34 122
104 66
103 14
72 70
105 3
64 97
111 37
98 106
91 84
58 79
69 13
71 39
15 26
90 47
68 78
5 57
42 110
23 17
73 88
74 54
92 76
87 51
50 6
35 9
28 48
22 30
83 59
109 115
96 46
49 102
40 18
86 82
24 107
27 65
56 12
101 121
2 95
21 7
113 77
36 19
53 45
122 13
64 14
109 26
120 84
92 24
5 8
53 58
80 93
63 34
10 25
102 12
41 47
27 32
107 55
21 15
50 91
7 103
94 99
77 1
48 82
95 70
6 39
108 51
66 110
9 106
52 19
97 37
29 54
2 40
16 38
117 44
86 45
35 23
11 18
85 76
36 89
68 61
113 119
88 28
83 104
60 4
57 96
3 42
31 73
65 74
98 79
100 112
69 46
71 59
87 115
30 22
78 43
121 116
62 105
111 56
49 20
67 33
81 17
72 118
101 90
114 75
2 35
40 77
11 53
17 102
8 1
93 120
82 97
42 28
38 52
100 58
122 10
78 18
98 110
47 32
66 117
84 29
111 60
101 50
61 90
86 103
5 48
112 71
14 27
49 73
118 121
95 96
105 72
56 88
114 25
89 6
74 34
119 85
107 46
15 55
59 91
108 67
22 37
13 26
106 43
81 39
68 87
65 64
45 69
76 115
16 33
20 116
24 4
19 109
104 79
99 57
44 12
7 63
30 62
36 70
54 9
23 21
94 75
51 31
113 92
41 3
80 83
47 65
100 22
27 122
113 39
59 34
35 19
71 73
55 96
28 98
86 20
82 89
37 120
33 10
92 12
80 77
94 75
21 3
53 54
36 5
2 117
99 57
79 14
112 84
26 29
63 114
45 109
74 23
40 66
11 115
7 108
56 60
51 58
30 62
76 105
118 107
116 83
61 48
67 103
104 69
111 46
68 87
15 16
91 101
93 49
81 52
18 106
44 17
38 32
13 9
6 102
31 70
78 95
24 64
85 50
110 4
97 42
90 41
25 121
88 1
72 8
119 43
30 119
42 58
46 80
72 98
52 32
121 90
37 116
73 53
74 118
26 15
29 39
94 51
45 79
71 35
18 82
21 81
108 17
104 28
110 7
22 9
25 105
77 84
64 23
47 44
6 11
86 89
43 100
49 19
50 12
120 57
33 2
62 75
38 114
103 69
16 91
24 93
111 113
70 106
5 59
87 66
101 68
55 83
115 4
14 56
1 34
97 48
67 88
109 78
65 122
27 107
3 112
96 61
95 20
8 40
41 60
63 31
92 10
117 85
102 36
54 13
76 99
