1
2
3
4
5
6
7
8
9
10
11
12
13
14
15
16
17
18
19
20
21
22
23
24
25
26
27
28
29
30
31
32
33
34
35
36
37
38
39
40
41
42
43
44
45
46
47
48
49
50
51
52
53
54
55
56
57
58
59
60
61
62
63
64
65
66
67
68
69
70
71
72
73
74
75
76
77
78
79
80
81
82
83
84
85
86
87
88
89
90
91
92
93
94
95
96
97
98
99
100
101
102
103
104
105
106
107
108
109
110
111
112
113
114
115
116
117
118
119
120
121
61 86
96 10
46 8
111 115
79 81
99 82
101 97
80 36
106 18
50 54
110 109
100 84
107 98
83 88
33 41
67 39
29 87
95 103
94 66
4 102
76 91
118 15
26 77
2 16
75 3
55 1
43 116
24 19
74 22
9 40
5 62
37 25
12 60
31 14
120 32
117 78
17 71
34 119
47 121
7 6
89 20
30 73
53 27
57 52
21 11
92 64
63 104
59 72
49 93
35 51
85 42
68 38
44 58
113 90
48 105
69 45
65 112
23 70
13 108
114 28
108 25
69 9
115 15
39 100
71 89
66 30
79 77
12 78
35 45
83 24
87 73
31 63
121 99
28 72
55 29
19 36
48 68
95 118
41 21
27 59
1 11
58 23
34 110
52 4
40 80
85 96
42 7
119 88
26 54
104 103
5 112
47 65
74 102
8 20
64 2
62 116
113 82
109 81
120 49
53 106
57 98
61 32
67 94
43 101
37 93
16 91
105 117
107 33
3 111
44 14
90 10
18 38
84 76
6 97
114 92
22 56
75 13
51 86
60 17
70 50
54 79
113 56
61 48
91 39
84 30
50 82
1 87
26 47
85 115
13 34
75 100
77 36
99 59
110 17
6 108
11 116
94 65
29 67
10 98
71 114
52 23
68 66
95 4
60 2
7 96
5 69
64 76
106 118
14 8
25 31
101 80
74 90
27 93
24 88
121 105
107 38
37 83
70 3
16 42
97 19
32 12
92 102
72 43
104 109
117 35
103 9
53 20
89 46
18 51
44 45
22 15
112 78
57 55
21 58
63 120
111 33
86 81
62 73
40 41
49 119
104 9
45 8
112 7
36 39
99 103
97 31
52 110
30 105
41 121
73 26
72 81
67 62
64 27
66 74
46 38
96 90
25 98
40 22
17 50
109 56
29 47
78 15
85 107
79 102
101 91
69 20
118 10
70 114
106 92
54 119
120 42
2 88
11 68
58 32
76 89
16 117
13 95
51 57
28 1
21 82
94 5
86 61
113 48
59 18
24 12
71 83
60 3
115 55
43 37
33 84
100 87
6 63
53 108
19 75
35 49
34 23
4 77
116 80
65 93
44 111
96 16
64 97
31 7
54 60
63 86
112 75
44 108
3 11
8 119
14 90
72 80
113 35
114 76
48 94
120 41
47 9
69 56
84 21
65 2
68 109
66 99
45 50
121 117
79 73
37 42
40 88
87 77
23 26
62 61
70 4
93 85
15 110
67 19
27 89
102 103
36 32
78 59
18 33
81 24
28 115
53 38
1 34
52 107
101 82
98 92
13 10
74 22
104 118
100 43
46 71
57 105
39 58
111 17
106 25
29 12
116 20
83 51
5 55
91 6
49 30
87 109
114 17
12 101
105 40
55 66
35 27
93 71
42 5
119 15
28 14
113 52
83 10
82 31
112 86
63 23
118 36
91 81
103 59
29 22
51 60
49 6
121 39
102 72
100 33
7 61
37 69
90 107
70 95
38 75
99 65
2 1
116 19
41 117
80 58
32 79
16 92
97 120
45 76
111 26
48 20
77 78
67 46
94 73
98 3
104 57
110 34
50 25
8 56
89 64
84 43
115 74
4 24
11 47
96 62
85 88
44 21
53 13
18 68
9 106
54 108
103 63
78 117
38 62
114 51
48 47
14 1
4 98
75 21
97 29
61 33
15 52
100 20
2 43
55 30
70 49
41 119
120 109
8 56
115 3
76 102
37 40
113 101
7 69
96 42
26 87
106 64
108 17
81 46
25 121
53 18
79 90
39 93
95 74
118 5
10 58
67 36
24 66
91 107
111 28
68 116
19 35
50 59
83 44
71 12
6 13
72 57
104 27
110 11
9 84
112 16
80 92
105 94
73 77
86 99
32 54
34 23
22 89
31 82
45 88
60 65
106 83
23 48
25 120
84 35
105 61
28 21
74 51
37 39
34 50
45 16
15 86
82 71
92 114
91 108
102 96
118 9
29 13
47 2
22 107
11 116
6 110
53 98
14 79
8 115
27 5
18 109
38 69
52 113
59 64
41 7
31 93
90 67
46 54
85 73
20 121
78 63
68 57
36 12
65 3
4 119
40 103
10 43
95 17
101 72
66 76
89 58
32 60
111 88
99 30
56 112
26 104
19 33
42 100
77 62
94 24
75 117
1 87
55 44
97 80
81 70
