1
2
3
4
5
6
7
8
9
10
11
12
13
14
15
16
17
18
19
20
21
22
23
24
25
26
27
28
29
30
31
32
33
34
35
36
37
38
39
40
41
42
43
44
45
46
47
48
49
50
51
52
53
54
55
56
57
58
59
60
61
62
63
64
65
66
67
68
69
70
71
72
73
74
75
76
77
78
79
80
81
82
83
84
85
86
87
88
89
90
91
92
93
94
95
96
97
98
99
100
101
102
103
104
105
106
107
108
109
110
111
112
113
114
115
116
117
118
119
110 61
44 74
109 21
117 77
75 33
14 73
118 63
107 4
113 22
114 6
112 53
101 90
111 15
72 76
52 37
7 30
29 59
83 23
46 54
104 27
41 5
79 49
47 20
93 55
31 80
89 82
68 18
108 11
69 60
51 116
71 91
85 25
56 1
119 32
39 13
35 17
98 97
84 48
8 50
88 62
38 28
43 19
87 100
58 65
26 2
99 9
81 40
95 24
103 42
57 105
70 78
10 34
94 96
3 86
92 67
64 106
16 102
36 45
66 12
9 109
98 105
78 108
55 62
15 99
74 21
119 14
41 2
94 19
40 88
112 38
75 115
58 86
35 54
111 8
34 56
80 89
50 6
53 63
81 66
16 43
116 44
87 107
48 77
51 5
20 42
69 92
37 84
117 52
93 30
23 64
68 39
100 22
113 71
31 27
70 29
24 83
114 11
45 36
49 95
103 60
28 47
1 104
33 73
106 46
85 18
79 65
102 13
96 12
72 90
4 32
82 76
26 91
10 118
25 3
61 97
59 17
57 110
7 67
55 48
69 86
51 99
15 54
21 59
49 93
16 23
95 94
83 71
33 4
35 32
101 109
9 92
112 38
5 81
108 10
115 64
37 61
22 73
13 114
62 74
118 96
100 106
67 70
18 111
88 66
98 80
27 104
31 42
78 6
29 79
24 3
19 26
12 57
39 107
46 117
36 28
77 103
34 105
87 53
56 14
85 89
63 25
116 20
90 43
47 30
119 41
45 50
60 2
75 82
113 40
72 7
110 84
52 17
102 65
1 44
68 91
97 58
76 8
29 3
41 34
4 110
90 76
46 97
52 113
105 69
38 77
75 106
39 27
56 23
11 89
58 12
87 67
35 68
96 36
25 72
98 44
24 1
62 79
104 65
112 9
51 114
91 26
14 63
50 47
53 59
99 107
57 43
10 5
28 80
45 70
54 117
84 21
40 8
22 20
94 118
49 83
30 81
48 60
73 55
6 2
111 95
119 115
101 78
32 74
18 33
64 61
109 16
66 103
86 37
13 85
31 88
7 100
102 92
42 15
82 17
71 116
108 93
20 107
37 27
32 97
109 75
46 101
68 6
48 42
116 102
34 26
17 72
54 43
15 76
111 45
41 110
35 85
89 113
44 100
38 108
79 18
33 80
2 84
58 29
64 25
52 118
112 40
36 3
24 65
55 13
7 69
14 16
91 5
86 93
82 88
47 30
105 78
22 23
59 60
39 8
50 104
71 115
56 67
62 57
49 119
1 99
70 11
9 77
63 83
96 81
103 87
28 117
53 4
74 10
21 19
61 66
92 94
12 90
95 31
106 98
114 51
82 117
92 10
119 54
87 39
15 5
33 58
67 104
17 35
116 13
99 74
32 84
105 9
91 66
40 89
36 103
118 85
12 71
37 79
97 77
78 90
111 29
56 115
28 3
6 112
73 107
43 100
30 72
14 49
16 95
26 23
64 94
70 1
102 61
2 108
48 60
42 31
68 51
19 69
41 88
59 53
101 80
24 18
63 75
38 113
55 25
22 106
47 8
109 114
46 11
4 86
52 76
27 83
93 57
21 45
34 81
62 96
7 20
98 50
44 65
101 66
94 69
9 88
115 17
27 30
68 6
96 109
5 53
14 50
24 98
57 52
119 75
95 45
59 117
74 76
56 78
37 81
85 11
34 55
32 116
10 86
33 44
26 110
22 107
64 16
99 118
83 40
89 108
3 60
80 97
25 21
84 87
100 38
79 31
8 39
65 106
112 111
61 104
114 29
90 43
1 63
28 105
102 54
42 47
71 93
82 19
35 20
49 48
46 41
36 91
67 12
103 62
2 113
70 4
13 58
72 51
18 7
77 73
23 15
76 35
101 17
62 25
7 85
12 72
43 77
107 31
64 8
53 111
73 103
36 109
82 113
59 94
50 26
38 71
16 48
5 67
105 45
32 106
104 29
83 37
49 114
47 99
96 80
39 11
54 118
95 23
108 10
100 87
46 69
6 117
15 33
89 52
115 74
93 41
102 22
88 40
51 86
27 44
90 1
65 75
2 57
19 63
24 4
56 58
110 21
79 70
66 68
84 14
97 9
34 81
61 92
98 116
18 78
3 60
42 13
30 20
112 55
119 91
