1
2
3
4
5
6
7
8
9
10
11
12
13
14
15
16
17
18
19
20
21
22
23
24
25
26
27
28
29
30
31
32
33
34
35
36
37
38
39
40
41
42
43
44
45
46
47
48
49
50
51
52
53
54
55
56
57
58
59
60
61
62
63
64
65
66
67
68
69
70
71
72
73
74
75
76
77
78
79
80
81
82
83
84
85
86
87
88
89
90
91
92
93
94
95
96
97
98
99
100
101
102
103
104
105
106
107
108
109
110
111
112
113
114
115
116
117
118
110 20
116 83
94 66
45 69
92 13
76 75
5 101
19 81
22 38
12 17
46 78
15 26
72 40
28 3
2 4
11 42
21 111
49 27
43 25
102 103
53 29
107 100
93 60
37 58
87 91
30 35
112 18
80 62
52 54
73 77
99 88
39 41
48 9
96 23
7 59
71 67
47 84
16 31
24 114
117 14
64 108
55 34
65 115
32 118
86 98
63 10
36 51
6 109
74 97
8 56
106 82
33 105
61 104
70 113
95 85
90 57
50 79
68 89
1 44
105 82
2 104
16 77
20 113
3 79
88 87
53 57
43 10
4 38
42 22
30 14
37 27
80 107
83 69
65 63
106 19
62 81
17 61
64 67
114 35
5 110
51 94
73 40
75 15
28 32
118 33
8 6
24 98
89 101
11 93
21 49
18 56
91 41
86 52
78 13
58 50
84 1
9 74
85 102
100 92
47 54
39 112
111 71
109 60
97 44
25 115
48 66
34 96
7 31
103 70
99 55
12 76
23 46
108 29
72 95
45 116
36 59
90 117
68 26
102 19
91 67
12 56
29 2
31 27
87 74
21 4
45 15
35 16
55 86
53 42
99 77
106 103
43 72
112 14
110 7
115 62
3 51
108 76
25 82
17 117
118 20
13 96
58 66
44 33
111 78
97 90
10 36
48 101
73 63
9 11
98 5
8 52
30 24
46 70
116 88
65 81
40 57
89 83
71 92
85 69
79 113
50 68
75 61
38 64
84 95
37 107
104 105
34 18
94 54
23 41
6 32
49 47
1 60
93 22
28 109
39 26
80 100
114 59
118 63
4 43
104 35
82 18
98 68
10 79
8 39
74 57
34 29
62 92
84 66
83 11
61 45
87 106
100 72
54 14
50 37
60 19
55 90
53 101
105 107
9 48
44 51
81 95
103 33
110 30
94 49
27 3
38 116
64 75
80 99
70 42
12 113
59 32
78 109
97 111
114 77
24 47
67 2
93 108
91 22
76 16
1 7
23 20
36 26
5 117
96 15
69 13
25 21
86 17
102 31
40 71
41 89
58 115
46 73
85 6
112 65
28 52
56 88
72 59
74 113
25 87
106 94
16 37
89 22
29 96
107 88
115 39
64 20
67 103
100 1
75 102
4 104
43 15
111 79
108 95
9 71
21 62
82 33
77 49
41 92
61 52
98 48
36 27
8 28
109 97
66 68
101 90
117 47
42 12
24 78
54 38
114 110
84 81
73 56
76 34
18 13
11 80
105 57
118 93
60 50
65 10
63 35
46 86
58 44
26 30
2 14
55 53
91 116
69 5
19 85
3 32
112 7
23 83
40 17
99 45
51 31
6 70
95 89
33 116
73 26
110 76
71 79
17 91
48 15
86 87
32 69
37 21
50 104
12 67
108 96
18 22
62 1
117 10
8 19
90 4
64 34
109 47
36 57
51 81
29 113
88 102
31 115
42 63
5 28
54 14
105 39
41 80
61 9
106 30
78 58
7 72
6 46
55 92
13 52
93 3
40 66
24 103
25 60
111 112
16 35
11 118
44 49
70 68
2 43
38 107
45 56
82 94
77 97
53 20
101 74
75 83
85 23
98 27
59 84
114 100
65 99
17 110
16 100
80 3
98 38
21 10
106 107
53 59
109 36
26 25
39 24
95 57
51 50
20 91
72 64
5 65
102 116
29 74
92 112
99 2
19 68
67 113
85 77
71 41
69 31
61 48
34 6
56 75
46 76
7 18
13 9
14 87
28 84
15 55
105 54
8 97
30 63
104 58
45 78
52 79
93 114
117 1
118 11
44 103
66 42
115 47
60 33
40 86
101 70
83 73
12 90
89 82
27 35
96 22
37 4
23 43
88 49
108 81
32 94
62 111
54 74
109 41
66 13
10 104
63 3
40 24
39 111
108 82
72 59
90 35
86 85
105 15
70 117
20 44
28 48
37 78
115 84
96 8
76 64
51 32
68 118
75 52
47 80
69 29
9 89
79 4
49 62
2 114
87 34
36 33
67 112
6 83
88 92
27 14
77 65
18 81
102 25
38 94
116 99
30 11
46 100
101 45
23 31
19 57
42 97
113 21
110 98
22 106
16 107
17 5
26 56
7 50
58 71
103 91
1 53
43 60
95 61
55 73
12 93
