1
2
3
4
5
6
7
8
9
10
11
12
13
14
15
16
17
18
19
20
21
22
23
24
25
26
27
28
29
30
31
32
33
34
35
36
37
38
39
40
41
42
43
44
45
46
47
48
49
50
51
52
53
54
55
56
57
58
59
60
61
62
63
64
65
66
67
68
69
70
71
72
73
74
75
76
77
78
79
80
81
82
83
84
85
86
87
88
89
90
91
92
93
94
95
96
97
98
99
100
101
102
103
104
105
106
107
108
109
110
111
112
113
114
115
116
89 35
56 52
81 38
94 11
66 47
91 106
108 64
57 46
100 79
88 76
12 96
22 105
86 39
75 110
113 54
48 74
15 114
24 32
69 18
107 103
101 6
112 116
13 27
37 5
97 61
28 99
73 2
68 40
25 85
26 9
16 42
44 84
83 90
63 53
7 49
59 87
72 104
102 65
77 93
55 30
58 10
50 43
19 80
41 45
82 95
98 23
78 3
31 8
29 92
111 20
36 21
62 67
70 14
4 109
60 115
1 51
33 17
34 71
51 115
47 107
102 9
15 78
93 52
95 100
23 90
65 71
61 105
20 38
43 108
86 11
68 87
7 45
88 69
110 14
54 36
19 31
22 101
28 60
63 81
29 98
82 53
74 40
6 39
70 49
16 106
113 94
92 25
4 48
89 116
97 112
2 44
114 64
35 3
103 62
46 5
1 77
18 111
34 67
73 10
30 83
32 21
8 104
41 91
84 56
109 27
42 50
37 79
85 75
24 33
26 80
58 66
72 17
59 76
55 13
57 99
96 12
88 86
100 76
80 66
7 41
29 106
10 67
40 25
89 17
31 51
75 3
63 77
61 35
96 58
1 54
19 9
104 69
59 55
92 68
33 62
52 64
82 14
60 103
108 13
115 34
84 37
83 38
98 32
73 97
21 102
16 65
20 26
109 44
53 78
12 113
99 56
74 30
39 46
22 90
8 6
93 85
57 43
11 2
71 36
112 107
101 95
5 70
110 27
72 81
116 94
23 49
4 48
91 24
18 45
50 28
15 87
42 105
114 79
47 111
20 78
95 81
74 57
55 111
72 25
92 71
1 26
97 101
33 53
106 49
30 83
38 79
58 28
32 10
23 59
39 104
27 112
82 29
98 34
100 19
52 91
86 60
99 41
93 66
69 40
96 35
61 105
42 21
107 76
8 31
103 89
44 16
75 7
88 102
12 5
68 70
51 116
14 77
64 6
46 80
36 65
85 43
24 2
3 62
110 84
87 47
22 48
90 109
54 17
50 15
115 108
73 56
114 11
4 37
113 18
13 67
9 94
45 63
80 95
5 62
115 2
74 93
58 36
104 89
48 56
85 15
29 92
106 64
79 112
40 50
51 72
99 102
52 32
68 9
70 76
81 39
109 8
91 113
90 63
45 94
31 107
16 66
43 12
53 20
73 108
10 1
87 110
4 60
71 30
6 19
3 28
100 59
46 44
83 35
84 114
14 23
41 88
34 75
65 18
7 101
105 13
49 55
11 57
24 67
116 61
103 27
97 86
77 42
69 82
47 17
111 22
54 38
98 33
78 96
26 37
21 25
92 43
41 52
112 111
81 63
28 7
103 85
75 60
46 61
101 57
98 88
22 49
107 27
32 5
34 100
64 13
73 47
54 78
114 89
6 38
115 31
113 19
67 24
40 70
11 58
116 35
30 108
86 74
93 4
94 15
66 65
68 23
20 109
106 90
76 59
80 69
48 26
96 55
29 79
2 39
105 50
37 25
16 51
36 84
104 33
14 10
102 83
99 3
21 87
17 53
44 1
97 72
82 71
110 12
56 8
62 45
91 18
9 42
95 77
63 70
109 85
99 49
82 112
115 80
95 110
55 54
21 104
68 111
72 100
24 62
74 116
89 107
77 44
1 88
14 78
12 102
90 59
36 33
6 48
4 46
105 56
92 71
51 22
41 34
28 81
101 97
7 58
11 64
5 27
114 57
66 60
26 75
13 87
30 113
91 93
19 61
86 16
106 73
20 94
8 23
76 69
103 29
2 96
31 79
25 18
50 15
9 45
98 108
39 3
42 53
35 65
10 32
52 84
37 83
67 43
38 47
17 40
51 76
107 3
25 65
62 79
6 15
86 85
113 5
17 57
95 80
106 52
40 2
111 109
101 98
58 81
66 8
41 71
31 20
14 28
10 35
48 64
34 46
63 42
36 47
96 88
38 90
91 49
53 55
59 43
92 105
69 32
114 104
7 27
87 82
60 93
84 21
45 18
13 29
50 70
112 24
4 19
73 97
56 72
74 44
12 108
115 67
37 33
78 16
39 99
89 1
103 77
116 68
100 9
75 11
30 110
102 94
54 23
61 26
83 22
