1
2
3
4
5
6
7
8
9
10
11
12
13
14
15
16
17
18
19
20
21
22
23
24
25
26
27
28
29
30
31
32
33
34
35
36
37
38
39
40
41
42
43
44
45
46
47
48
49
50
51
52
53
54
55
56
57
58
59
60
61
62
63
64
65
66
67
68
69
70
71
72
73
74
75
76
77
78
79
80
81
82
83
84
85
86
87
88
89
90
91
92
93
94
95
96
97
98
99
100
101
102
103
104
105
106
107
108
109
110
111
112
113
114
115
110 18
112 72
28 23
57 17
111 26
55 102
95 89
58 49
22 103
54 37
83 106
100 63
41 80
12 7
21 19
91 15
48 38
75 4
64 53
62 1
82 92
108 42
6 101
29 51
114 60
9 34
68 61
65 45
94 8
79 33
74 59
40 109
56 35
2 107
69 11
96 84
78 98
24 5
81 31
97 20
88 66
46 25
104 3
47 113
44 77
16 39
30 50
99 85
13 76
27 87
115 52
86 67
14 71
105 90
43 36
32 93
70 73
54 114
89 6
39 106
82 43
61 74
34 85
53 105
84 45
3 50
112 5
56 55
64 58
42 76
73 32
16 30
75 102
2 38
9 40
26 69
22 31
49 7
91 1
46 98
15 77
110 78
18 52
115 28
90 97
59 86
107 108
95 13
33 60
11 17
83 68
63 62
44 99
29 57
104 23
10 79
47 27
4 109
20 19
92 51
88 81
93 21
67 48
14 94
87 113
66 36
35 100
8 101
65 70
96 24
37 12
71 103
72 41
80 111
101 44
35 90
55 114
16 78
41 83
67 74
71 95
17 10
27 53
3 72
115 20
93 57
25 86
1 76
60 92
54 68
104 97
64 65
28 113
26 21
107 50
88 19
34 32
49 96
99 5
7 11
70 40
36 39
89 6
42 79
18 87
66 98
108 85
43 56
46 100
13 94
69 4
48 14
38 31
110 12
37 51
24 58
102 61
111 45
106 33
109 105
15 29
23 84
81 73
103 80
22 112
9 30
75 2
47 77
82 91
52 63
59 62
103 17
11 42
2 34
93 29
50 72
1 40
66 96
41 49
68 97
99 57
20 46
108 9
58 113
114 35
102 100
73 84
75 87
19 38
60 112
90 109
7 104
6 101
63 28
51 3
88 13
48 21
53 79
106 91
74 18
47 62
64 69
82 81
77 43
65 44
30 32
52 22
37 24
25 4
67 15
55 76
70 31
27 98
110 71
23 8
80 45
5 10
16 59
115 89
95 12
83 61
36 26
107 94
54 86
56 111
92 78
33 85
39 14
104 63
42 2
38 74
69 33
75 101
28 4
15 98
46 53
111 106
26 48
55 83
43 93
11 114
56 39
72 105
35 70
102 78
7 25
32 24
36 40
73 1
67 10
29 107
44 90
6 86
92 99
100 60
82 110
80 89
95 9
47 85
62 19
27 23
76 31
14 52
21 16
5 45
3 71
113 77
96 61
22 112
30 51
8 87
81 59
68 57
20 37
17 115
84 94
12 49
58 41
50 91
109 54
34 64
66 97
103 65
13 108
18 79
1 83
63 93
3 110
16 62
67 26
68 50
42 65
111 70
100 8
99 79
40 9
21 101
14 75
66 89
22 17
15 55
92 36
82 74
78 10
28 56
73 13
69 96
61 85
4 77
5 20
108 113
54 27
107 35
114 88
7 57
81 18
106 33
91 58
80 86
52 30
95 37
90 45
84 112
115 105
24 31
104 71
48 49
39 12
6 94
47 11
46 97
29 76
103 64
43 102
59 87
109 44
98 19
53 60
34 72
32 41
38 25
23 2
75 65
86 88
55 80
21 112
2 48
92 100
107 104
101 4
97 32
87 72
60 41
56 49
102 40
103 10
12 31
90 5
18 14
109 78
79 20
73 25
9 59
85 6
17 89
45 99
77 63
26 91
76 62
70 1
24 95
94 96
105 58
108 111
8 106
53 114
36 50
13 30
98 66
27 15
84 37
93 16
82 52
51 113
54 22
64 39
35 23
61 71
29 11
74 69
57 81
34 67
46 7
42 83
115 38
44 110
43 28
19 47
3 68
27 13
91 6
63 65
114 46
80 23
82 39
59 97
94 107
1 9
74 98
54 101
36 32
95 81
68 111
113 106
43 25
70 55
53 86
60 5
112 109
44 41
66 33
92 67
45 18
26 10
17 49
38 87
22 34
71 56
8 3
7 96
64 47
85 79
31 40
48 50
29 16
42 19
77 104
76 72
62 12
30 4
75 37
15 20
28 51
58 90
73 14
88 105
78 115
21 89
24 100
103 102
83 35
2 110
93 84
52 99
57 108
69 11
