1
2
3
4
5
6
7
8
9
10
11
12
13
14
15
16
17
18
19
20
21
22
23
24
25
26
27
28
29
30
31
32
33
34
35
36
37
38
39
40
41
42
43
44
45
46
47
48
49
50
51
52
53
54
55
56
57
58
59
60
61
62
63
64
65
66
67
68
69
70
71
72
73
74
75
76
77
78
79
80
81
82
83
84
85
86
87
88
89
90
91
92
93
94
95
96
97
98
99
100
101
102
103
104
105
106
107
108
109
110
111
112
113
63 50
73 99
96 16
95 37
80 87
14 68
64 81
58 94
105 78
90 67
23 65
74 109
75 85
79 12
53 34
66 41
13 46
97 83
21 5
112 103
15 30
93 91
38 56
54 2
92 6
26 31
49 35
88 40
8 51
42 33
89 25
27 106
84 52
1 45
47 24
111 76
98 57
55 72
101 61
104 22
9 10
77 3
48 11
19 29
39 110
86 7
59 17
70 44
18 20
4 32
100 43
36 82
28 69
108 62
107 102
71 60
105 82
2 61
4 71
54 78
28 56
14 58
81 22
67 57
15 98
85 83
68 64
63 42
17 5
72 112
111 80
101 59
40 37
100 29
45 23
88 65
109 69
108 6
70 1
50 35
44 10
32 102
113 46
96 87
20 43
36 47
92 33
9 49
3 89
25 79
95 103
18 110
41 19
39 7
8 99
16 91
73 53
90 93
27 13
60 76
55 62
30 97
24 106
38 12
107 48
94 66
51 11
26 84
104 34
74 75
31 86
77 21
7 81
98 58
26 31
79 103
45 51
80 102
15 32
95 40
47 53
39 59
70 86
111 18
28 75
41 27
16 17
71 72
60 76
94 46
64 42
5 1
4 93
37 2
101 44
89 66
55 110
21 22
14 13
34 3
24 23
61 65
90 73
113 91
25 43
92 36
82 78
57 107
20 99
67 68
12 19
48 109
83 8
77 33
84 104
96 87
69 88
100 10
54 38
52 49
50 29
105 30
106 74
6 63
9 97
112 62
11 108
56 85
44 24
64 81
75 106
43 102
95 71
72 78
99 33
86 74
1 14
36 100
15 96
10 65
84 38
88 77
111 32
9 39
107 6
67 22
37 87
16 21
7 41
23 48
26 12
80 29
47 3
28 110
57 19
68 82
69 89
104 105
73 34
60 85
42 51
18 27
58 112
49 94
8 40
83 91
53 79
61 13
30 113
63 46
11 45
35 17
25 92
109 93
31 90
108 20
5 97
76 66
59 54
55 50
56 103
2 52
4 62
101 98
6 41
113 94
7 49
70 44
54 50
111 10
86 79
71 107
103 73
22 77
72 58
100 104
109 24
110 85
32 3
84 68
63 42
52 80
101 82
15 19
43 75
21 25
62 8
11 37
36 13
65 45
95 108
48 17
88 59
91 34
38 20
87 56
76 89
2 47
27 69
18 112
92 31
16 64
99 46
102 74
33 26
97 55
67 9
23 29
39 96
5 106
61 1
105 57
98 78
90 30
4 14
35 28
66 60
12 40
93 83
81 51
45 89
49 1
104 63
35 53
21 48
66 44
102 91
92 4
60 15
3 71
51 98
113 99
59 32
111 62
12 69
80 74
14 10
13 28
9 5
40 27
97 101
72 79
73 16
84 22
108 61
23 93
43 50
31 107
41 54
57 47
82 29
6 58
83 42
26 94
78 70
36 87
8 110
90 88
33 19
20 2
109 68
100 77
46 112
65 75
55 76
39 95
96 18
34 103
37 7
81 64
56 85
106 30
38 25
24 52
17 67
86 11
111 18
42 51
72 3
43 35
106 99
112 100
19 104
8 93
23 98
94 82
7 55
70 110
80 71
38 54
58 6
50 65
45 81
96 101
49 33
91 25
67 41
44 16
84 73
31 29
14 75
11 68
78 85
83 36
102 109
90 26
47 15
32 39
21 30
10 77
74 64
103 97
59 57
28 60
37 4
52 92
20 24
79 2
17 61
53 87
69 12
108 63
56 22
105 62
13 86
95 27
1 46
5 9
48 113
34 40
107 89
66 76
67 56
16 41
74 45
59 104
68 92
66 50
36 71
109 100
107 5
64 97
49 78
55 93
38 32
102 105
21 70
48 65
29 44
101 61
39 18
40 63
46 12
47 84
3 99
106 4
13 88
15 22
54 14
26 110
11 103
24 90
57 77
94 30
9 82
20 35
95 23
60 113
1 58
81 62
51 108
25 69
17 27
98 87
37 31
91 76
112 10
86 89
43 6
33 85
111 80
53 52
2 19
34 28
83 72
73 42
75 79
96 8
36 107
75 89
33 86
59 39
24 17
110 13
23 105
58 9
56 6
1 50
70 19
68 69
63 79
65 61
45 94
30 77
18 104
98 21
46 85
40 43
28 53
51 112
42 102
99 83
3 96
4 34
97 35
111 90
66 113
62 91
78 38
32 11
31 100
5 54
2 16
106 27
52 80
44 95
109 92
57 49
20 64
12 41
8 81
74 88
22 37
87 26
73 10
47 25
71 60
67 15
48 82
14 7
93 108
84 29
55 101
76 72
