1
2
3
4
5
6
7
8
9
10
11
12
13
14
15
16
17
18
19
20
21
22
23
24
25
26
27
28
29
30
31
32
33
34
35
36
37
38
39
40
41
42
43
44
45
46
47
48
49
50
51
52
53
54
55
56
57
58
59
60
61
62
63
64
65
66
67
68
69
70
71
72
73
74
75
76
77
78
79
80
81
82
83
84
85
86
87
88
89
90
91
92
93
94
95
96
97
98
99
100
101
102
103
104
105
106
107
108
109
110
62 84
63 15
36 102
103 50
4 97
41 7
42 88
98 47
105 1
37 33
65 2
56 5
60 64
75 91
59 104
54 78
71 69
96 39
46 101
44 48
92 30
72 10
76 51
66 110
85 17
53 23
82 12
108 35
100 61
55 21
109 45
83 93
3 22
99 8
9 31
26 43
24 18
106 25
34 6
58 11
28 14
86 67
81 95
70 107
40 90
49 38
32 20
27 74
94 89
57 68
87 29
80 16
13 52
19 77
73 79
103 50
29 87
56 89
49 73
12 17
78 108
39 93
67 110
14 33
51 61
16 11
36 44
58 38
62 47
74 92
6 32
95 91
85 37
65 86
80 57
34 18
70 81
10 3
64 63
9 101
106 7
79 24
27 72
21 5
71 4
94 45
83 90
40 13
100 105
22 52
60 104
109 69
99 31
42 68
20 77
48 76
97 23
98 43
102 53
15 55
96 8
107 75
54 66
30 41
26 59
88 1
46 28
25 84
2 82
35 19
60 34
16 78
25 23
103 46
55 9
44 97
90 100
88 27
99 108
11 45
14 24
57 39
32 106
56 43
53 84
63 87
101 18
104 6
22 7
52 54
66 72
42 65
94 85
20 98
96 58
50 83
73 10
5 93
80 2
35 64
28 41
8 89
68 102
110 59
107 95
3 36
69 15
13 17
67 61
70 40
38 74
21 75
76 82
47 49
51 105
1 4
12 62
29 79
26 92
91 86
109 19
37 48
71 81
33 77
31 30
31 76
102 14
64 4
82 3
63 75
96 107
6 109
98 79
16 47
48 85
100 70
67 73
92 94
65 42
89 55
1 43
38 71
39 27
11 18
78 103
15 87
51 106
25 8
105 24
60 52
29 26
68 7
30 104
44 93
80 69
50 21
99 95
59 35
101 49
58 37
77 83
28 46
10 72
22 5
23 2
36 40
32 13
54 9
81 17
41 74
84 62
20 53
61 97
19 108
45 56
88 66
90 110
34 12
91 33
86 57
51 23
31 6
13 45
88 43
8 44
107 60
7 91
76 77
49 39
92 52
2 18
83 16
9 32
14 102
106 97
58 36
87 95
41 15
27 35
80 5
11 53
3 10
72 42
55 90
21 109
104 67
74 25
34 19
33 61
30 73
101 108
63 59
50 85
82 46
65 28
29 75
103 69
78 98
100 48
81 40
68 86
105 20
47 26
4 96
54 66
99 79
17 93
37 84
24 89
22 57
12 1
110 70
71 94
38 62
56 64
60 39
62 107
15 40
53 100
52 13
9 99
94 64
35 54
66 20
85 83
71 86
23 28
10 2
46 110
32 11
4 81
73 72
49 57
16 8
58 55
59 102
76 31
108 61
109 19
67 43
7 98
91 22
80 88
78 29
56 6
105 41
68 5
50 63
77 87
104 36
47 44
96 26
89 33
12 70
21 3
65 74
82 42
93 38
37 51
92 95
103 45
106 84
101 24
17 30
75 27
69 48
14 79
34 25
97 18
1 90
13 110
20 50
109 88
90 42
40 87
91 27
66 31
80 108
33 79
16 37
2 47
83 52
94 101
89 74
7 97
57 84
77 23
39 102
18 44
58 46
22 81
53 59
73 35
76 70
8 95
25 105
14 69
100 103
12 17
49 68
72 9
5 3
11 64
24 63
75 38
32 45
48 21
82 56
41 96
15 60
71 78
62 107
99 61
51 30
93 4
65 26
85 6
67 28
1 19
34 36
43 54
86 10
92 104
55 106
29 98
30 80
65 39
95 78
89 108
56 24
40 98
45 47
87 82
74 94
68 61
26 38
57 72
37 1
103 29
96 17
63 105
9 70
18 66
90 20
2 33
104 32
43 28
22 27
60 10
48 49
4 81
31 75
5 21
16 34
110 99
100 71
42 14
67 13
11 54
53 79
51 41
8 52
25 106
83 50
46 23
69 44
86 77
12 73
92 85
76 107
58 109
93 97
3 64
91 59
88 6
102 101
36 19
55 35
7 62
84 15

