1
2
3
4
5
6
7
8
9
10
11
12
13
14
15
16
17
18
19
20
21
22
23
24
25
26
27
28
29
30
31
32
33
34
35
36
37
38
39
40
41
42
43
44
45
46
47
48
49
50
51
52
53
54
55
56
57
58
59
60
61
62
63
64
65
66
67
68
69
70
71
72
73
74
75
76
77
78
79
80
81
82
83
84
85
86
87
88
89
90
91
92
93
94
95
96
97
98
99
100
101
102
103
104
105
106
107
108
109
46 48
27 28
44 9
53 60
68 98
18 62
69 67
55 87
104 85
93 22
21 24
39 92
54 16
32 77
59 50
6 45
1 12
8 26
96 38
56 66
82 63
5 4
15 23
51 80
14 34
71 79
3 43
37 49
31 106
109 47
17 73
70 76
41 99
19 105
52 89
36 40
20 86
81 91
58 108
75 35
57 72
97 78
61 29
95 11
2 7
30 88
107 42
90 103
100 84
64 13
25 10
33 94
101 102
65 74
108 102
66 47
21 83
23 39
62 106
14 22
97 75
59 19
18 40
81 69
79 77
33 16
49 52
76 45
101 20
53 36
42 3
84 86
95 85
68 26
35 93
55 65
51 78
72 98
27 4
5 103
7 73
71 60
1 109
37 29
104 87
50 48
90 58
56 80
89 64
63 25
96 15
13 11
61 32
10 91
100 88
2 6
74 54
8 38
31 12
99 30
41 24
9 94
57 107
44 92
34 70
43 105
82 17
46 28
86 84
54 99
26 31
77 28
59 64
27 47
32 42
105 89
93 96
23 62
80 3
56 71
6 41
46 9
102 78
19 44
40 108
4 60
38 57
74 11
5 67
85 52
18 88
101 82
100 76
34 70
53 55
97 79
106 92
43 51
14 95
83 22
39 91
2 104
75 90
29 12
17 103
49 63
36 8
25 94
109 66
98 73
30 7
37 21
72 50
87 68
13 45
1 61
15 20
81 58
16 69
107 48
24 10
65 33
6 63
25 32
100 92
88 17
64 2
19 3
83 98
70 10
96 41
79 102
86 45
46 104
82 105
51 58
71 81
73 80
84 34
66 91
107 33
37 8
106 30
7 93
9 35
95 56
23 49
103 14
59 78
47 28
27 16
50 13
65 38
31 22
97 24
60 108
77 69
26 44
48 101
29 18
57 39
67 43
1 89
85 99
90 40
5 12
94 42
53 75
4 76
36 55
54 72
52 15
62 20
74 11
109 68
21 87
100 28
99 51
17 64
22 79
74 69
26 53
54 43
50 9
13 11
56 68
33 77
58 72
95 82
83 46
104 38
91 78
66 90
23 21
34 10
98 4
108 62
6 12
109 44
101 39
37 19
7 86
97 96
87 8
70 3
15 81
14 27
106 88
25 92
30 24
36 60
93 29
102 48
59 76
61 75
2 52
85 105
31 63
55 65
5 40
16 47
67 18
73 57
49 20
107 35
32 94
71 80
84 103
42 89
1 41
109 103
99 66
14 77
10 105
50 65
52 83
68 26
54 96
47 100
3 11
46 30
41 35
70 32
92 82
86 18
31 42
22 62
21 56
9 57
84 48
97 24
106 19
60 71
72 76
98 38
27 37
87 2
17 107
25 93
40 36
34 85
88 59
108 12
1 43
79 90
7 75
55 78
15 58
64 33
16 61
28 8
20 74
69 5
6 67
44 51
80 53
49 102
63 101
45 95
13 73
81 39
94 91
23 4
89 104
85 6
89 18
57 67
5 72
84 80
94 20
31 77
91 21
81 15
62 7
45 22
70 66
96 44
49 42
29 55
47 1
109 83
88 86
13 71
43 101
48 25
58 40
90 99
19 87
106 78
54 27
26 2
60 73
34 24
16 103
95 12
107 56
108 39
53 37
30 52
68 79
74 105
76 63
82 104
17 9
97 61
51 64
10 3
50 4
32 35
65 75
36 33
102 8
46 69
41 92
14 23
28 93
98 100
11 38
6 34
19 90
49 67
88 79
57 38
98 93
74 11
12 5
97 54
64 52
56 2
31 89
9 43
72 36
86 61
13 60
20 18
62 66
27 7
55 10
25 100
104 81
47 73
106 17
95 77
78 82
37 48
22 42
70 99
58 65
23 15
33 80
30 103
3 75
50 107
53 28
46 44
69 71
92 76
4 29
85 63
8 105
26 21
83 68
101 51
35 45
102 59
14 41
96 39
32 94
87 91
40 1
24 84
16 108
