1
2
3
4
5
6
7
8
9
10
11
12
13
14
15
16
17
18
19
20
21
22
23
24
25
26
27
28
29
30
31
32
33
34
35
36
37
38
39
40
41
42
43
44
45
46
47
48
49
50
51
52
53
54
55
56
57
58
59
60
61
62
63
64
65
66
67
68
69
70
71
72
73
74
75
76
77
78
79
80
81
82
83
84
85
86
87
88
89
90
91
92
93
94
95
96
97
98
99
100
101
102
103
104
105
106
107
108
11 79
42 81
23 60
34 56
88 36
1 28
77 106
61 67
104 38
97 29
89 25
35 49
73 10
27 107
22 51
21 9
6 80
50 2
68 48
99 55
98 108
43 72
95 16
30 86
63 96
102 65
18 70
3 90
75 4
19 78
8 103
101 44
76 37
13 20
93 105
33 12
57 52
15 5
64 58
46 83
53 39
66 84
26 87
7 59
45 92
85 41
24 62
82 32
69 94
47 17
100 54
40 14
74 91
71 31
73 106
74 54
101 25
19 26
23 77
97 33
91 70
63 47
66 30
16 39
87 20
10 99
34 98
6 35
15 14
90 12
83 88
22 13
60 5
41 82
43 9
68 94
93 36
51 31
95 37
78 56
69 29
7 2
96 84
40 67
79 104
107 59
108 28
89 76
72 49
81 42
53 80
46 105
18 21
44 92
64 86
45 11
58 61
85 100
38 8
1 32
55 3
75 71
24 65
103 102
52 62
4 50
27 48
17 57
68 58
89 1
98 97
106 41
29 46
54 87
94 20
59 73
56 93
15 34
67 81
11 32
103 108
47 9
33 92
52 16
57 102
88 44
27 40
83 4
14 28
53 39
21 55
96 7
26 80
37 51
74 105
90 62
91 99
101 18
66 95
17 10
43 19
78 35
61 45
25 72
50 12
2 48
49 63
42 79
75 82
24 23
6 30
76 65
31 64
100 22
104 38
69 13
77 36
60 8
3 107
70 86
85 5
71 84
18 85
28 14
99 12
25 33
90 61
13 2
37 53
59 107
96 93
102 6
21 98
29 22
101 92
9 103
87 95
72 97
32 24
10 73
88 70
76 75
50 27
54 56
86 49
23 20
66 82
48 3
47 19
45 62
69 74
44 65
8 64
83 46
38 55
68 15
80 1
11 4
84 42
60 79
7 77
51 94
41 71
89 36
31 30
16 5
35 78
43 106
104 52
34 57
39 100
40 17
63 81
58 108
105 91
26 67
76 91
93 20
96 79
107 34
75 23
55 66
87 22
64 29
44 15
71 58
48 103
32 62
42 3
12 72
51 5
90 25
105 21
67 84
37 28
100 92
89 104
27 94
18 108
60 50
11 40
74 49
56 70
41 54
45 47
7 14
102 65
9 82
17 95
83 33
39 38
81 85
78 106
35 26
101 97
52 57
68 8
19 77
69 59
86 46
73 31
80 63
88 43
2 16
13 53
6 99
61 1
24 10
98 4
30 36
43 18
107 68
49 93
65 52
5 32
21 42
47 16
45 104
35 55
66 3
105 41
67 106
38 28
31 24
36 7
100 76
53 101
88 58
71 46
95 4
10 50
86 94
63 87
56 99
69 85
15 73
89 82
22 25
33 13
48 74
51 2
78 90
102 39
37 103
80 64
54 1
97 81
17 29
108 27
61 83
98 79
30 6
9 60
26 75
77 44
23 40
70 57
62 59
72 34
84 8
20 11
12 96
14 91
92 19
44 34
4 53
67 100
21 96
61 35
8 17
36 49
95 3
83 23
37 22
33 52
47 90
80 82
66 12
40 15
65 32
58 6
93 107
57 24
108 98
38 88
102 55
99 81
16 29
64 89
105 77
43 86
25 85
1 101
10 71
26 13
97 103
63 91
62 20
75 60
74 94
68 14
106 51
50 69
59 76
45 84
9 87
42 28
18 78
70 11
30 31
7 92
56 2
104 5
41 54
73 19
79 27
72 48
39 46
8 73
51 12
36 78
16 45
2 42
83 64
53 13
88 37
76 69
84 29
34 71
44 91
96 11
94 55
58 101
15 97
66 41
59 95
89 92
35 48
105 6
77 17
87 19
7 60
86 18
52 47
14 85
100 3
26 104
31 54
1 23
27 10
50 21
20 102
90 79
46 61
65 68
5 108
106 32
57 103
56 39
70 30
75 82
9 81
62 67
107 22
38 33
49 40
80 74
98 99
24 28
43 63
25 4
93 72
