1
2
3
4
5
6
7
8
9
10
11
12
13
14
15
16
17
18
19
20
21
22
23
24
25
26
27
28
29
30
31
32
33
34
35
36
37
38
39
40
41
42
43
44
45
46
47
48
49
50
51
52
53
54
55
56
57
58
59
60
61
62
63
64
65
66
67
68
69
70
71
72
73
74
75
76
77
78
79
80
81
82
83
84
85
86
87
88
89
90
91
92
93
94
95
96
97
98
99
100
101
102
103
104
105
106
107
105 28
99 37
100 34
18 19
53 86
85 40
104 62
90 83
97 80
102 22
8 48
107 26
84 39
72 57
3 74
35 73
91 41
92 55
58 63
24 89
88 66
32 30
60 93
45 96
23 61
10 81
68 51
6 2
44 4
78 5
50 15
94 52
36 33
14 70
49 43
79 71
11 12
75 95
13 82
16 67
31 69
27 87
29 17
101 42
7 1
46 64
106 76
54 20
77 65
103 38
59 9
21 25
98 56
20 12
27 59
71 87
58 57
17 46
93 95
37 105
28 104
32 98
5 53
43 26
65 13
6 4
78 82
47 92
34 21
41 55
1 11
63 86
79 85
62 33
81 49
24 48
44 8
56 51
36 74
76 14
25 80
88 69
101 15
73 31
52 66
2 22
67 16
68 70
96 23
102 42
83 61
64 29
103 75
100 9
54 90
91 77
94 38
39 50
19 10
89 72
60 3
99 7
18 30
97 107
40 84
45 106
101 80
22 28
51 43
72 36
59 71
35 67
77 32
11 78
76 53
58 90
34 44
83 3
2 105
4 17
73 50
54 12
29 55
13 69
31 81
45 15
30 39
106 102
79 91
10 99
33 46
66 63
48 97
100 88
60 70
65 5
103 49
24 16
38 40
47 95
74 56
7 93
64 25
57 82
1 94
87 41
107 98
68 75
20 18
14 42
52 92
86 84
9 37
8 62
96 85
27 89
6 23
21 104
26 61
63 5
32 2
69 62
48 70
78 101
61 50
4 28
73 92
25 83
53 93
91 86
27 59
20 30
58 95
42 99
90 34
38 98
84 11
65 16
14 66
106 24
85 71
97 56
33 7
76 103
37 47
68 80
13 10
12 102
18 82
94 49
39 75
29 64
54 26
21 87
36 6
107 55
3 51
100 105
60 52
40 81
79 23
74 9
96 35
19 1
77 22
44 31
46 17
67 43
72 41
15 89
104 57
88 8
6 31
15 21
22 47
11 26
29 57
92 50
73 59
107 65
46 100
82 17
97 67
37 83
70 13
105 56
4 101
43 39
2 102
51 32
81 74
14 95
79 104
91 76
7 80
9 36
85 88
34 99
72 1
30 35
96 40
58 16
41 49
64 54
87 23
62 44
18 48
66 3
89 12
94 77
5 33
27 63
106 60
90 55
42 86
20 28
75 8
68 52
78 25
84 69
38 98
19 103
24 53
93 10
45 61
87 20
17 21
41 60
93 71
5 89
37 53
50 83
90 75
82 101
2 34
64 40
69 59
4 28
18 22
85 92
84 33
61 44
86 73
106 104
70 12
11 19
66 79
29 30
9 52
107 25
62 72
74 100
3 98
80 77
95 36
76 65
96 48
58 15
24 46
43 14
105 97
91 39
38 67
42 56
45 1
16 26
51 78
49 55
23 88
32 8
13 102
99 103
54 57
94 10
27 6
47 68
31 35
7 81
38 17
84 33
53 93
50 94
75 106
23 44
55 31
72 11
1 83
48 43
28 36
74 86
76 52
97 105
9 85
71 25
78 19
96 101
14 47
15 51
30 91
57 42
3 21
103 60
77 41
99 2
90 10
20 68
95 82
61 79
34 100
8 35
49 39
102 64
40 45
81 87
98 70
59 22
6 54
107 12
37 5
63 26
18 46
27 80
88 16
4 7
62 24
104 13
65 66
73 58
56 32
67 92
69 29
72 88
23 104
19 63
61 75
55 57
77 14
16 3
86 70
84 17
93 7
95 101
92 8
69 4
1 74
47 49
107 30
33 34
38 35
73 41
37 71
60 106
39 62
67 22
25 11
52 42
56 5
45 53
12 85
9 27
89 28
100 80
21 82
97 46
24 2
54 99
59 64
48 94
26 65
91 6
78 50
103 81
79 36
83 58
18 20
15 13
43 76
31 29
51 87
66 90
10 32
102 68
44 40
98 105
63 29
82 67
1 26
11 24
84 69
49 45
61 47
5 8
55 13
79 36
58 51
72 80
59 20
73 97
15 103
92 57
66 107
50 46
54 53
99 100
7 78
56 65
28 98
81 9
91 32
60 64
76 39
105 38
42 19
88 25
93 48
96 87
31 40
37 3
77 12
2 27
75 34
23 68
44 33
16 86
74 71
22 90
106 83
6 101
89 35
104 102
85 95
52 62
94 10
43 17
4 70
14 30
21 41
