1
2
3
4
5
6
7
8
9
10
11
12
13
14
15
16
17
18
19
20
21
22
23
24
25
26
27
28
29
30
31
32
33
34
35
36
37
38
39
40
41
42
43
44
45
46
47
48
49
50
51
52
53
54
55
56
57
58
59
60
61
62
63
64
65
66
67
68
69
70
71
72
73
74
75
76
77
78
79
80
81
82
83
84
85
86
87
88
89
90
91
92
93
94
95
96
97
98
99
100
101
102
103
104
105
106
6 50
31 49
60 39
101 94
59 66
13 64
68 19
17 57
63 56
3 93
42 75
25 67
30 32
1 105
84 104
51 15
78 7
46 44
33 4
18 52
24 38
90 58
96 91
62 8
11 85
20 16
97 34
100 45
47 70
41 92
2 27
69 88
65 98
71 99
5 14
81 55
54 22
106 36
28 53
82 89
37 61
74 103
40 29
102 77
95 48
23 76
26 12
83 80
9 21
87 35
43 86
73 72
10 79
53 50
105 64
51 52
89 86
101 104
6 66
94 75
81 2
57 38
45 18
35 31
59 100
83 8
23 37
4 27
92 39
69 20
30 88
56 80
25 34
90 28
65 70
5 26
72 41
16 1
96 97
84 85
42 29
49 68
43 98
36 19
74 44
12 40
3 14
87 73
13 61
62 7
24 22
47 33
63 32
79 76
9 106
17 82
102 91
95 11
48 67
103 60
99 71
10 93
54 46
55 15
58 77
78 21
27 99
72 70
49 81
18 77
51 14
92 79
54 6
106 60
43 58
75 90
29 93
102 62
88 23
64 38
22 91
4 39
82 30
16 71
105 32
12 76
44 67
25 89
96 94
17 69
31 66
56 83
24 33
68 97
13 80
73 86
37 104
57 35
36 48
20 103
46 21
95 41
101 28
100 63
45 1
84 53
59 5
98 74
87 85
8 15
61 2
78 9
52 3
10 42
65 40
7 55
19 50
11 34
26 47
11 34
64 105
19 71
1 27
17 57
80 24
56 96
14 26
38 68
62 79
2 33
72 104
74 36
82 50
83 47
32 100
31 67
77 84
13 16
49 81
90 35
63 94
95 42
4 92
48 29
6 43
91 103
87 97
78 10
106 28
37 20
86 22
52 69
60 58
53 66
8 51
18 102
23 55
25 70
30 88
61 41
9 39
7 98
21 54
45 3
12 44
75 46
65 59
85 93
89 73
40 101
76 5
15 99
60 27
21 95
48 25
13 62
92 18
52 20
45 42
98 23
12 1
64 84
59 24
19 2
37 16
38 56
88 72
99 63
29 6
103 81
93 11
74 36
53 87
94 50
7 61
22 79
10 32
69 3
46 47
9 31
35 30
77 14
102 54
86 105
5 91
51 15
39 104
66 8
73 80
58 68
100 44
76 43
71 55
34 96
33 17
26 67
78 70
85 57
41 89
101 40
65 4
49 106
28 82
97 90
75 83
60 53
67 8
54 17
34 105
21 39
65 82
88 57
78 14
28 103
22 43
45 75
46 52
40 27
63 42
5 38
58 47
87 102
26 77
6 81
104 15
36 18
69 71
44 73
106 86
89 30
68 72
74 84
76 37
56 59
10 100
55 95
4 98
70 41
99 96
1 29
62 90
31 80
13 94
32 12
7 64
51 83
66 9
25 20
19 101
85 61
97 91
35 33
79 11
24 49
2 92
93 16
50 48
23 3
47 37
56 48
9 95
94 64
17 50
39 6
96 85
67 103
101 106
98 80
46 1
105 13
69 78
63 60
23 83
65 86
42 44
38 82
89 12
7 102
84 10
14 26
36 68
31 24
40 27
33 74
90 25
88 75
19 66
45 92
55 21
91 72
99 49
20 8
32 71
59 41
61 87
43 73
81 57
18 104
30 77
15 62
16 22
11 2
3 52
54 34
28 70
35 97
79 93
53 100
58 51
4 5
76 29
100 92
50 80
39 1
26 5
11 64
77 4
104 49
19 89
32 81
101 24
86 44
15 18
61 14
7 37
70 76
93 6
65 30
45 52
72 85
106 57
41 9
3 29
94 63
103 91
31 78
54 22
58 55
79 67
12 99
42 43
53 68
17 27
47 62
82 73
34 2
23 16
66 8
46 74
56 88
69 35
84 102
105 20
90 95
83 75
25 40
48 87
51 71
96 10
97 28
38 36
60 21
98 33
13 59

