1
2
3
4
5
6
7
8
9
10
11
12
13
14
15
16
17
18
19
20
21
22
23
24
25
26
27
28
29
30
31
32
33
34
35
36
37
38
39
40
41
42
43
44
45
46
47
48
49
50
51
52
53
54
55
56
57
58
59
60
61
62
63
64
65
66
67
68
69
70
71
72
73
74
75
76
77
78
79
80
81
82
83
84
85
86
87
88
89
90
91
92
93
94
95
96
97
98
99
100
101
102
103
104
105
37 14
61 94
25 91
1 62
67 103
34 42
60 50
51 5
57 13
76 54
101 56
100 96
46 73
20 2
24 82
48 105
47 72
52 4
33 84
87 21
39 19
97 69
102 36
40 6
66 104
44 86
85 90
41 78
9 28
74 68
59 31
63 71
79 35
93 16
10 58
88 70
30 99
75 15
26 23
11 12
77 55
64 45
49 29
38 95
81 22
27 3
98 18
8 43
7 89
80 92
17 53
32 65
78 55
17 31
87 72
9 27
44 103
37 8
38 49
46 77
11 13
12 10
65 48
39 20
26 35
4 79
1 71
19 75
28 68
85 57
23 100
22 32
102 34
45 92
15 14
29 93
74 66
53 80
43 36
3 59
91 16
73 60
62 67
89 52
83 51
69 30
40 64
94 2
104 6
76 58
56 90
82 95
105 63
50 84
98 24
86 61
88 33
25 47
70 21
81 96
42 18
7 101
54 5
41 99
8 52
3 34
99 13
10 30
100 25
48 19
83 93
84 31
78 1
37 26
42 64
35 46
7 62
11 29
43 67
72 90
5 40
65 51
75 77
66 91
39 49
104 80
38 92
33 96
101 16
22 45
70 57
9 73
6 50
97 88
87 27
81 82
58 94
74 60
98 103
2 32
28 36
23 56
24 44
4 85
95 12
20 76
21 105
54 68
79 63
59 41
14 71
53 55
86 69
15 18
89 61
102 47
10 33
89 103
105 26
6 81
49 98
51 101
52 77
1 62
58 53
76 91
9 59
28 93
23 50
42 12
8 94
90 69
16 41
14 37
84 21
39 43
44 68
24 64
74 88
5 19
92 54
97 67
55 85
80 78
63 40
104 17
27 86
99 79
38 60
61 46
4 47
31 15
30 70
102 65
75 11
73 32
87 36
20 18
48 22
66 13
56 45
72 100
57 96
34 35
95 29
25 7
71 82
83 3
2 90
41 20
81 65
29 56
17 53
78 59
7 14
51 102
8 48
96 103
66 15
64 79
49 16
23 73
74 40
46 99
98 34
6 101
67 69
38 24
28 39
42 36
4 70
57 68
33 9
97 43
58 44
85 84
104 50
47 100
76 105
55 19
25 35
91 5
60 1
80 45
83 92
11 26
22 86
72 54
12 27
87 77
88 94
10 61
30 82
13 3
63 18
71 75
93 21
62 32
89 37
31 52
37 98
75 45
90 81
99 55
18 1
8 60
51 102
44 12
39 86
105 2
16 66
53 25
61 77
70 36
6 76
19 38
49 62
4 27
14 48
95 56
89 10
17 28
58 78
47 94
30 73
5 83
54 79
82 85
74 26
57 87
100 41
91 42
32 52
9 35
20 84
34 3
31 80
50 24
67 29
13 96
101 59
63 103
64 11
65 68
21 22
46 88
7 69
43 33
40 72
71 97
23 93
92 104
36 29
37 32
25 66
46 27
71 18
34 100
105 3
20 1
83 72
69 22
8 51
48 97
7 28
12 38
11 99
21 80
13 47
44 70
59 42
35 91
76 102
9 2
77 19
62 17
94 89
73 14
15 88
50 26
67 98
30 85
10 57
79 90
63 33
52 24
16 96
92 75
95 5
60 64
104 23
68 58
103 61
74 31
81 101
39 4
45 43
87 93
65 54
53 78
40 55
84 56
49 6
41 82
35 64
56 28
50 93
10 43
89 40
63 19
12 41
80 23
31 9
95 99
94 44
36 65
2 16
88 105
37 26
11 24
59 14
34 46
15 61
81 7
67 6
98 45
62 97
68 17
90 82
84 4
8 30
52 47
78 13
101 33
22 3
72 49
87 39
66 70
38 58
74 85
79 77
20 18
48 60
86 51
100 71
54 42
73 75
55 1
83 21
102 103
25 32
104 5
76 29
96 91
27 57
69 53
