1
2
3
4
5
6
7
8
9
10
11
12
13
14
15
16
17
18
19
20
21
22
23
24
25
26
27
28
29
30
31
32
33
34
35
36
37
38
39
40
41
42
43
44
45
46
47
48
49
50
51
52
53
54
55
56
57
58
59
60
61
62
63
64
65
66
67
68
69
70
71
72
73
74
75
76
77
78
79
80
81
82
83
84
85
86
87
88
89
90
91
92
93
94
95
96
97
98
99
100
101
102
103
104
6 26
25 47
44 23
81 104
33 49
91 17
43 102
24 10
58 37
80 3
78 82
103 31
69 52
100 51
97 66
40 30
39 53
35 96
48 8
22 70
73 18
79 99
5 83
27 46
64 62
77 101
86 68
1 2
14 88
65 38
74 61
98 59
76 72
95 32
29 16
75 92
71 9
36 56
94 84
7 45
20 87
63 11
89 34
41 90
50 55
57 12
85 28
54 19
60 42
15 4
67 21
93 13
46 84
36 94
30 62
92 85
24 86
98 12
95 7
16 83
51 74
17 102
50 77
75 101
28 56
97 58
78 14
59 13
66 32
45 35
5 67
11 90
88 10
69 57
41 60
23 89
15 96
48 91
61 76
40 20
80 68
6 9
64 39
43 25
37 54
99 100
53 47
21 33
44 18
1 49
81 87
31 63
22 52
26 27
2 8
65 79
93 4
34 70
103 38
3 19
42 55
73 29
104 72
71 82
9 29
16 61
45 25
86 82
19 34
27 92
94 46
14 98
44 104
52 47
79 43
67 41
24 77
26 8
59 65
35 60
56 40
42 58
84 55
101 81
96 70
76 68
22 13
90 18
37 48
88 66
49 1
5 2
103 39
6 23
12 31
3 32
87 69
78 75
50 91
51 54
73 95
85 83
33 7
89 74
53 21
17 102
80 62
72 71
11 99
97 15
28 10
57 63
93 100
38 64
36 30
20 4
50 20
21 44
79 91
8 27
103 2
12 80
28 56
57 71
102 76
62 37
95 32
70 78
96 92
31 82
58 25
81 64
26 65
6 10
73 61
85 88
41 3
77 75
47 101
38 60
17 53
30 100
87 84
72 59
48 74
67 24
23 99
89 34
40 51
29 52
35 49
7 15
68 36
4 22
14 19
94 16
66 1
55 54
43 45
90 86
9 42
13 5
83 18
33 69
63 97
93 39
98 104
46 11
15 34
9 56
26 64
54 23
37 78
43 5
94 63
80 96
19 55
81 28
18 67
22 8
44 70
65 4
102 51
92 74
82 90
60 61
75 101
95 31
68 45
83 25
20 14
6 50
89 21
33 3
12 91
72 10
100 62
29 38
11 46
69 41
99 48
59 86
32 30
85 35
79 1
2 66
24 93
88 27
16 53
47 57
104 13
49 77
39 76
103 42
40 84
87 97
17 7
58 73
52 71
98 36
15 102
24 86
9 98
2 39
31 95
43 71
45 6
54 100
37 28
17 14
33 40
5 42
93 76
4 101
64 96
51 65
32 58
73 70
27 21
26 82
25 62
88 3
79 48
20 92
12 50
36 18
35 13
63 81
1 72
69 52
59 80
87 49
10 44
22 74
85 11
66 56
53 41
75 77
34 84
94 83
103 99
38 60
29 97
55 89
68 19
91 78
90 57
46 104
67 16
23 8
7 30
47 61
40 13
92 7
65 102
72 43
88 70
100 46
58 66
77 1
9 45
80 76
69 97
71 79
50 31
61 82
51 17
68 55
54 18
32 11
48 38
12 84
37 14
33 25
28 91
57 15
67 64
39 34
95 19
20 59
86 89
94 74
93 83
16 56
27 41
52 81
26 103
98 4
10 6
73 3
44 2
36 49
78 75
30 63
22 35
101 60
96 53
85 23
47 29
5 8
21 24
104 42
62 90
99 87
30 24
37 83
20 73
29 27
67 7
104 13
39 55
52 34
76 2
10 42
41 45
23 87
65 18
84 78
17 58
90 59
61 43
19 103
98 5
38 28
99 53
94 9
51 89
74 3
57 79
80 86
33 8
22 63
15 4
88 11
68 60
25 35
101 82
16 21
93 49
48 92
56 102
64 1
36 50
69 6
100 71
62 77
95 32
72 47
75 66
81 70
14 54
46 26
12 44
31 40
91 85
96 97

