1
2
3
4
5
6
7
8
9
10
11
12
13
14
15
16
17
18
19
20
21
22
23
24
25
26
27
28
29
30
31
32
33
34
35
36
37
38
39
40
41
42
43
44
45
46
47
48
49
50
51
52
53
54
55
56
57
58
59
60
61
62
63
64
65
66
67
68
69
70
71
72
73
74
75
76
77
78
79
80
81
82
83
84
85
86
87
88
89
90
91
92
93
94
95
96
97
98
99
100
101
102
103
25 94
22 93
99 62
2 19
29 43
6 44
24 36
30 60
5 57
38 90
42 81
77 51
54 71
87 1
73 35
70 53
86 28
63 59
27 84
91 102
45 46
76 68
67 88
20 92
100 56
8 103
61 34
39 98
79 52
75 18
47 95
3 9
65 66
49 7
23 37
4 64
41 10
26 15
32 78
16 50
21 13
97 31
72 69
48 96
12 74
33 14
40 89
101 82
83 85
80 11
55 17
48 4
14 8
36 28
31 60
66 84
92 101
5 100
45 57
96 61
19 34
9 80
12 15
56 58
73 97
68 50
6 32
103 82
94 44
26 38
40 72
95 77
83 99
79 49
88 46
23 67
33 90
86 17
2 55
3 78
102 13
70 10
47 1
89 53
52 62
51 20
7 87
54 18
91 59
81 11
29 98
22 39
27 35
85 16
25 65
24 41
75 71
21 69
64 43
93 74
63 30
37 76
51 75
74 95
79 69
24 16
90 2
92 15
99 77
87 36
11 19
97 32
43 47
89 68
70 101
40 14
9 52
66 13
20 81
65 73
25 6
80 56
82 31
53 41
61 59
63 29
34 23
60 30
38 1
78 44
46 98
102 7
83 76
28 57
86 84
55 49
71 96
10 58
67 91
94 103
85 21
42 17
22 64
54 39
12 88
93 48
37 8
26 35
3 100
72 4
5 62
45 50
18 33
52 81
40 92
36 83
10 15
48 56
94 82
93 73
39 57
99 97
27 7
25 65
45 32
6 69
14 19
102 1
66 35
13 59
4 72
5 43
60 79
8 28
22 54
96 51
62 76
95 90
75 23
37 12
47 91
64 67
68 86
17 33
70 44
49 61
50 103
74 30
42 53
88 31
55 9
24 85
63 29
3 20
77 2
80 87
98 46
41 84
16 89
100 26
78 71
38 18
21 11
101 58
16 69
64 27
52 60
42 61
5 22
73 72
25 24
26 71
66 79
19 103
81 20
78 46
65 23
96 33
1 91
28 17
55 100
35 2
4 44
10 38
67 97
62 88
102 43
37 41
74 34
68 12
56 49
63 94
75 9
84 70
90 93
11 36
85 48
92 95
58 13
82 77
59 40
30 80
14 39
76 89
99 45
21 98
8 50
101 29
53 51
57 54
86 6
87 32
47 7
3 31
83 15
22 31
19 13
27 14
84 37
56 73
82 15
58 60
78 23
88 25
75 10
99 70
39 90
54 63
76 42
100 96
46 36
79 53
41 38
43 35
2 62
30 80
44 49
65 7
59 87
103 16
45 95
101 33
29 52
69 26
40 98
24 6
55 28
32 34
97 91
17 67
102 47
72 86
5 21
94 50
9 77
4 71
48 11
20 83
61 12
66 92
8 18
68 81
1 89
57 93
85 51
64 74
66 54
38 22
30 56
102 62
76 14
34 6
40 1
89 67
53 78
16 63
23 90
31 83
39 86
48 87
88 50
47 93
32 75
103 10
71 98
43 33
36 13
52 8
27 100
41 25
3 42
11 12
97 81
70 2
74 18
24 64
17 101
46 55
96 45
80 95
72 99
82 29
60 59
15 5
68 91
49 26
61 7
28 57
20 58
21 73
37 51
65 92
19 69
44 94
79 84
77 9
4 85
16 72
100 37
3 69
46 78
23 82
102 71
43 26
17 75
14 34
41 66
6 79
40 39
28 45
2 13
83 12
103 32
77 59
38 8
5 67
101 52
63 22
99 25
64 19
44 9
91 24
36 54
90 93
7 48
11 35
92 89
70 21
27 47
95 74
30 31
97 51
10 81
98 68
65 80
58 76
84 49
62 85
96 61
33 4
86 56
94 18
15 57
1 50
53 55
88 73
60 29
87 42
