1
2
3
4
5
6
7
8
9
10
11
12
13
14
15
16
17
18
19
20
21
22
23
24
25
26
27
28
29
30
31
32
33
34
35
36
37
38
39
40
41
42
43
44
45
46
47
48
49
50
51
52
53
54
55
56
57
58
59
60
61
62
63
64
65
66
67
68
69
70
71
72
73
74
75
76
77
78
79
80
81
82
83
84
85
86
87
88
89
90
91
92
93
94
95
96
97
98
99
100
101
102
73 2
47 101
38 1
60 63
68 41
31 52
4 44
49 20
28 102
51 80
83 29
89 17
100 23
14 57
65 74
21 6
3 76
69 58
94 70
43 40
42 71
39 82
53 11
13 7
98 90
22 95
32 34
91 18
77 56
62 19
78 96
8 25
16 75
48 72
15 64
86 59
85 33
92 37
54 30
5 35
61 81
87 66
36 50
55 88
79 27
12 67
46 26
10 99
24 84
9 97
45 93
54 32
71 47
24 10
16 59
41 2
44 11
9 58
96 36
25 73
49 52
67 38
30 39
48 28
31 5
68 88
35 90
21 63
81 66
51 70
33 37
84 89
17 42
62 93
64 74
7 18
83 53
92 56
102 99
82 76
91 61
46 85
26 45
80 86
94 29
69 27
65 98
55 19
100 101
3 97
57 13
23 6
22 78
43 75
12 95
79 34
50 1
15 77
72 40
4 60
87 20
14 8
65 81
18 26
43 66
102 80
42 19
50 31
9 10
14 51
29 92
79 57
44 55
83 24
53 39
71 88
84 11
48 22
13 32
49 17
61 82
33 70
6 78
75 41
45 1
77 95
36 94
20 3
93 30
99 59
90 37
7 73
101 28
85 91
12 69
4 96
62 34
5 89
40 68
98 27
67 35
76 54
46 97
100 25
38 63
56 15
87 47
8 2
60 52
23 64
72 16
86 74
58 21
97 77
68 54
47 72
86 51
24 49
96 57
101 90
40 27
93 62
13 76
61 35
67 99
59 83
80 91
88 65
32 44
45 55
8 94
2 41
12 100
92 78
60 84
23 38
33 89
11 39
66 74
34 21
18 3
37 14
52 102
36 26
28 16
17 87
81 42
69 82
20 79
22 95
15 43
71 64
53 25
7 85
9 58
50 10
1 4
98 63
5 56
48 75
29 6
46 30
73 70
19 31
33 5
63 62
26 95
16 43
9 42
31 94
34 37
45 83
6 88
54 13
40 48
76 96
64 36
100 98
10 72
80 97
82 67
52 38
60 32
15 4
29 75
39 81
28 1
65 87
22 71
8 14
79 21
20 85
12 69
53 86
91 44
99 2
27 46
51 92
7 102
56 73
41 11
18 3
35 78
70 55
66 90
24 30
23 89
25 101
61 19
68 47
49 50
93 17
57 59
58 74
84 77
99 17
76 27
65 68
6 43
102 22
57 40
82 3
51 21
84 72
15 95
1 64
32 44
92 101
34 78
87 88
2 63
16 73
11 31
91 24
23 35
37 93
13 71
67 5
85 52
75 47
94 36
19 58
80 81
83 86
48 20
4 25
66 96
79 50
70 7
74 38
18 53
49 90
61 69
45 12
14 100
10 97
89 98
55 39
8 9
28 60
33 29
30 59
54 26
46 42
77 56
41 62
65 17
89 27
43 100
93 18
24 56
97 40
11 7
95 15
10 41
44 68
92 28
2 31
45 88
46 38
83 13
79 90
74 75
58 69
71 33
6 77
78 30
9 25
102 12
21 81
8 87
76 20
91 35
29 73
37 59
42 85
57 94
52 50
47 61
80 64
86 51
5 16
70 3
4 26
14 53
36 63
62 96
84 99
55 72
23 48
34 32
22 98
39 67
66 49
101 82
1 19
60 54
67 2
94 100
24 70
20 73
40 37
58 98
32 75
101 25
49 12
86 39
27 53
89 50
3 102
13 35
95 22
43 44
36 99
61 83
29 82
72 31
15 8
34 85
5 9
42 51
65 96
48 97
41 17
7 4
38 93
30 47
19 59
6 74
11 23
60 69
45 1
80 88
90 76
14 46
91 64
66 33
84 87
77 54
62 63
52 81
28 68
71 55
92 16
21 57
26 18
56 78
10 79
