1
2
3
4
5
6
7
8
9
10
11
12
13
14
15
16
17
18
19
20
21
22
23
24
25
26
27
28
29
30
31
32
33
34
35
36
37
38
39
40
41
42
43
44
45
46
47
48
49
50
51
52
53
54
55
56
57
58
59
60
61
62
63
64
65
66
67
68
69
70
71
72
73
74
75
76
77
78
79
80
81
82
83
84
85
86
87
88
89
90
91
92
93
94
95
96
97
98
99
100
101
30 70
101 35
5 9
66 57
53 74
7 24
61 92
81 29
52 100
62 37
15 86
22 79
98 50
93 13
11 99
96 58
51 3
94 6
88 2
84 31
36 67
23 71
65 20
18 44
14 28
49 8
16 38
85 33
63 69
82 68
27 17
80 12
91 43
55 72
34 54
83 4
59 87
48 77
56 89
97 76
41 40
39 25
73 75
1 46
60 19
95 47
10 21
32 42
45 78
90 64
25 2
22 48
24 33
71 87
57 74
18 39
3 76
66 93
54 79
95 94
8 101
23 55
7 41
61 65
60 1
47 32
49 53
83 69
99 10
64 43
6 59
40 78
73 4
86 26
90 17
20 45
34 92
27 50
96 29
88 80
62 9
70 63
36 30
15 84
37 16
52 89
35 82
38 81
68 5
46 100
67 44
85 56
51 58
13 91
12 75
14 98
19 77
42 31
28 97
72 21
42 100
35 81
72 57
33 3
30 59
16 26
88 37
99 23
22 44
101 58
21 66
62 15
75 91
80 56
2 67
93 89
64 32
36 60
77 95
7 8
18 31
49 55
83 34
68 92
74 6
86 85
61 98
14 73
5 24
47 94
52 76
71 50
39 17
43 69
90 82
65 96
10 13
78 1
84 28
46 45
12 48
63 4
29 41
25 70
53 40
87 9
27 38
51 20
11 19
54 79
69 65
14 94
2 90
86 11
47 83
57 67
55 60
59 58
6 77
71 78
9 10
43 20
15 7
93 75
40 66
72 34
5 80
84 39
79 1
26 96
99 95
21 12
101 45
89 13
38 70
25 31
48 37
54 61
8 68
82 74
92 3
63 19
100 42
32 87
52 35
28 98
27 30
85 46
44 91
53 81
16 22
23 4
62 56
64 76
24 29
49 18
36 51
73 33
50 41
17 97
46 6
88 56
42 32
72 99
101 81
83 24
33 7
60 23
22 43
48 86
39 18
41 64
57 12
29 91
17 58
96 44
25 30
37 76
82 1
65 79
11 54
20 63
16 84
3 4
53 62
26 55
31 52
51 71
77 89
19 87
74 9
13 50
93 10
73 94
21 5
61 100
15 66
68 92
78 59
34 97
98 47
38 2
14 35
36 80
75 8
49 40
70 27
85 67
28 90
45 69
47 69
34 64
54 95
30 77
96 46
86 1
32 20
4 5
31 10
98 16
39 36
27 15
23 67
56 51
65 21
68 73
6 78
18 81
29 62
88 11
75 17
71 99
87 14
12 22
66 50
43 80
91 90
26 19
100 41
57 85
38 52
97 40
82 33
79 92
89 49
93 35
8 60
45 63
76 101
44 72
24 2
13 25
37 55
74 58
42 84
59 83
70 9
3 28
53 7
94 48
12 36
55 22
82 15
14 77
9 66
7 37
52 2
71 78
39 65
85 54
93 64
84 99
43 50
19 51
38 46
5 35
53 62
79 8
40 69
97 88
60 94
20 27
34 83
3 56
72 73
58 47
76 100
80 25
70 33
75 10
11 74
96 4
48 81
1 87
86 68
95 28
49 18
31 21
29 101
45 67
26 92
6 61
98 41
44 90
63 89
30 91
59 23
42 24
16 57
13 17
47 82
24 48
64 11
27 13
30 77
43 9
86 2
44 85
39 35
49 18
1 12
99 91
42 79
70 5
22 6
96 52
90 74
33 63
76 46
88 100
72 50
81 66
61 69
29 60
83 62
34 14
3 32
95 17
55 80
28 87
65 23
73 36
71 84
51 7
10 101
4 57
75 54
37 15
45 41
26 78
19 56
94 59
98 20
16 67
25 68
31 21
93 97
53 58
92 8
40 89
